# Projected DOS for atomic kind Al at iteration step i = 0, E(Fermi) =    -2.519259 a.u.
#     MO Eigenvalue [a.u.]      Occupation                 s                 p                 d
       1         -3.339410        2.000000        0.59511509        0.28317804        0.12170686
       2         -3.136667        2.000000        0.02232258        0.85343375        0.12424367
       3         -3.136651        2.000000        0.02226864        0.85353298        0.12419838
       4         -3.136649        2.000000        0.02227115        0.85352494        0.12420391
       5         -3.099769        2.000000        0.39676362        0.23130061        0.37193577
       6         -3.099765        2.000000        0.39676866        0.23130157        0.37192977
       7         -3.099749        2.000000        0.39673178        0.23137267        0.37189556
       8         -2.910940        2.000000        0.18227128        0.56023753        0.25749119
       9         -2.735647        2.000000        0.00982964        0.42928417        0.56088619
      10         -2.735642        2.000000        0.00983941        0.42927994        0.56088064
      11         -2.735640        2.000000        0.00982808        0.42927713        0.56089479
      12         -2.729331        2.000000        0.00000000        0.86732544        0.13267456
      13         -2.729328        2.000000        0.00000003        0.86733533        0.13266463
      14         -2.729327        2.000000        0.00000003        0.86733774        0.13266223
      15         -2.660748        2.000000        0.09756804        0.33616869        0.56626327
      16         -2.660734        2.000000        0.09757470        0.33615710        0.56626820
      17         -2.660731        2.000000        0.09758379        0.33616549        0.56625072
      18         -2.552837        2.000000        0.00000000        0.83632366        0.16367634
      19         -2.552832        2.000000        0.00000001        0.83669294        0.16330706
      20         -2.529683        2.000000        0.00000000        0.03491672        0.96508328
      21         -2.529676        2.000000        0.00000000        0.03479660        0.96520339
      22         -2.519273        2.000000        0.41953533        0.19782490        0.38263977
      23         -2.519266        2.000000        0.41952538        0.19783086        0.38264376
      24         -2.519259        2.000000        0.41951062        0.19783817        0.38265120
      25         -2.447034        0.000000        0.35087376        0.55580826        0.09331798
      26         -2.286626        0.000000        0.19203416        0.58766349        0.22030235
      27         -2.286624        0.000000        0.19222317        0.58716109        0.22061573
      28         -2.286621        0.000000        0.19222644        0.58716885        0.22060471
      29         -2.270392        0.000000        0.08125180        0.58054332        0.33820488
      30         -2.270385        0.000000        0.08123577        0.58056330        0.33820093
      31         -2.270345        0.000000        0.08081352        0.58154665        0.33763983
      32         -2.268364        0.000000        0.00000008        0.27152729        0.72847263
      33         -2.268334        0.000000        0.00000945        0.27142733        0.72856322
      34         -2.268331        0.000000        0.00000825        0.27142804        0.72856371
