2024-10-21 22:51:23,344:qiskit_nature.second_q.circuit.library.ansatzes.ucc:DEBUG: Gathering excitation generators...
2024-10-21 22:51:23,344:qiskit_nature.second_q.circuit.library.ansatzes.ucc:DEBUG: Generating excitation list...
2024-10-21 22:51:23,344:qiskit_nature.second_q.circuit.library.ansatzes.utils.fermionic_excitation_generator:DEBUG: Generated list of single alpha excitations: [(0, 1), (0, 2), (0, 3), (0, 4)]
2024-10-21 22:51:23,344:qiskit_nature.second_q.circuit.library.ansatzes.utils.fermionic_excitation_generator:DEBUG: Generated list of single beta excitations: [(5, 6), (5, 7), (5, 8), (5, 9)]
2024-10-21 22:51:23,344:qiskit_nature.second_q.circuit.library.ansatzes.utils.fermionic_excitation_generator:DEBUG: Added the excitation: ((0,), (1,))
2024-10-21 22:51:23,344:qiskit_nature.second_q.circuit.library.ansatzes.utils.fermionic_excitation_generator:DEBUG: Added the excitation: ((0,), (2,))
2024-10-21 22:51:23,345:qiskit_nature.second_q.circuit.library.ansatzes.utils.fermionic_excitation_generator:DEBUG: Added the excitation: ((0,), (3,))
2024-10-21 22:51:23,345:qiskit_nature.second_q.circuit.library.ansatzes.utils.fermionic_excitation_generator:DEBUG: Added the excitation: ((0,), (4,))
2024-10-21 22:51:23,345:qiskit_nature.second_q.circuit.library.ansatzes.utils.fermionic_excitation_generator:DEBUG: Added the excitation: ((5,), (6,))
2024-10-21 22:51:23,345:qiskit_nature.second_q.circuit.library.ansatzes.utils.fermionic_excitation_generator:DEBUG: Added the excitation: ((5,), (7,))
2024-10-21 22:51:23,345:qiskit_nature.second_q.circuit.library.ansatzes.utils.fermionic_excitation_generator:DEBUG: Added the excitation: ((5,), (8,))
2024-10-21 22:51:23,345:qiskit_nature.second_q.circuit.library.ansatzes.utils.fermionic_excitation_generator:DEBUG: Added the excitation: ((5,), (9,))
2024-10-21 22:51:23,345:qiskit_nature.second_q.circuit.library.ansatzes.utils.fermionic_excitation_generator:DEBUG: Generated list of single alpha excitations: [(0, 1), (0, 2), (0, 3), (0, 4)]
2024-10-21 22:51:23,345:qiskit_nature.second_q.circuit.library.ansatzes.utils.fermionic_excitation_generator:DEBUG: Generated list of single beta excitations: [(5, 6), (5, 7), (5, 8), (5, 9)]
2024-10-21 22:51:23,345:qiskit_nature.second_q.circuit.library.ansatzes.utils.fermionic_excitation_generator:DEBUG: Added the excitation: ((0, 5), (1, 6))
2024-10-21 22:51:23,345:qiskit_nature.second_q.circuit.library.ansatzes.utils.fermionic_excitation_generator:DEBUG: Added the excitation: ((0, 5), (1, 7))
2024-10-21 22:51:23,345:qiskit_nature.second_q.circuit.library.ansatzes.utils.fermionic_excitation_generator:DEBUG: Added the excitation: ((0, 5), (1, 8))
2024-10-21 22:51:23,345:qiskit_nature.second_q.circuit.library.ansatzes.utils.fermionic_excitation_generator:DEBUG: Added the excitation: ((0, 5), (1, 9))
2024-10-21 22:51:23,345:qiskit_nature.second_q.circuit.library.ansatzes.utils.fermionic_excitation_generator:DEBUG: Added the excitation: ((0, 5), (2, 6))
2024-10-21 22:51:23,345:qiskit_nature.second_q.circuit.library.ansatzes.utils.fermionic_excitation_generator:DEBUG: Added the excitation: ((0, 5), (2, 7))
2024-10-21 22:51:23,345:qiskit_nature.second_q.circuit.library.ansatzes.utils.fermionic_excitation_generator:DEBUG: Added the excitation: ((0, 5), (2, 8))
2024-10-21 22:51:23,345:qiskit_nature.second_q.circuit.library.ansatzes.utils.fermionic_excitation_generator:DEBUG: Added the excitation: ((0, 5), (2, 9))
2024-10-21 22:51:23,345:qiskit_nature.second_q.circuit.library.ansatzes.utils.fermionic_excitation_generator:DEBUG: Added the excitation: ((0, 5), (3, 6))
2024-10-21 22:51:23,345:qiskit_nature.second_q.circuit.library.ansatzes.utils.fermionic_excitation_generator:DEBUG: Added the excitation: ((0, 5), (3, 7))
2024-10-21 22:51:23,346:qiskit_nature.second_q.circuit.library.ansatzes.utils.fermionic_excitation_generator:DEBUG: Added the excitation: ((0, 5), (3, 8))
2024-10-21 22:51:23,346:qiskit_nature.second_q.circuit.library.ansatzes.utils.fermionic_excitation_generator:DEBUG: Added the excitation: ((0, 5), (3, 9))
2024-10-21 22:51:23,346:qiskit_nature.second_q.circuit.library.ansatzes.utils.fermionic_excitation_generator:DEBUG: Added the excitation: ((0, 5), (4, 6))
2024-10-21 22:51:23,346:qiskit_nature.second_q.circuit.library.ansatzes.utils.fermionic_excitation_generator:DEBUG: Added the excitation: ((0, 5), (4, 7))
2024-10-21 22:51:23,346:qiskit_nature.second_q.circuit.library.ansatzes.utils.fermionic_excitation_generator:DEBUG: Added the excitation: ((0, 5), (4, 8))
2024-10-21 22:51:23,346:qiskit_nature.second_q.circuit.library.ansatzes.utils.fermionic_excitation_generator:DEBUG: Added the excitation: ((0, 5), (4, 9))
2024-10-21 22:51:23,346:qiskit_nature.second_q.circuit.library.ansatzes.ucc:DEBUG: Checking excitation list...
2024-10-21 22:51:23,346:qiskit_nature.second_q.circuit.library.ansatzes.ucc:DEBUG: Converting excitations into SparseLabelOps...
2024-10-21 22:51:23,347:qiskit_nature.second_q.circuit.library.ansatzes.ucc:DEBUG: Converting second-quantized into qubit operators...
/home/ubuntu/calculations/11_Al4x4_inhibitor_grimme/client-vqe-ucc.py:117: DeprecationWarning: The class ``qiskit.primitives.estimator.Estimator`` is deprecated as of qiskit 1.2. It will be removed no earlier than 3 months after the release date. All implementations of the `BaseEstimatorV1` interface have been deprecated in favor of their V2 counterparts. The V2 alternative for the `Estimator` class is `StatevectorEstimator`.
  estimator = Estimator()
2024-10-21 22:51:23,389:qiskit_nature_cp2k.cp2k_integration:INFO: 

 ---------- STARTING CP2K INTEGRATION ----------

2024-10-21 22:51:23,389:qiskit_nature_cp2k.cp2k_integration:INFO: @CLIENT: connecting to socket
2024-10-21 22:52:44,285:qiskit_nature_cp2k.cp2k_integration:INFO: @CLIENT: connected
2024-10-21 22:52:44,285:qiskit_nature_cp2k.cp2k_integration:INFO: @CLIENT: Message from server: b'STATUS      '
2024-10-21 22:52:44,286:qiskit_nature_cp2k.cp2k_integration:INFO: @CLIENT: Message from server: b'TWOBODY     '
2024-10-21 22:52:44,286:qiskit_nature_cp2k.cp2k_integration:INFO: nspins = 1
2024-10-21 22:52:44,286:qiskit_nature_cp2k.cp2k_integration:INFO: nmo_active = 5
2024-10-21 22:52:44,286:qiskit_nature_cp2k.cp2k_integration:INFO: nelec_active = 2
2024-10-21 22:52:44,286:qiskit_nature_cp2k.cp2k_integration:INFO: multiplicity = 1
2024-10-21 22:52:44,286:qiskit_nature_cp2k.cp2k_integration:INFO: @CLIENT: Message from server: b'STATUS      '
2024-10-21 22:52:44,286:qiskit_nature_cp2k.cp2k_integration:INFO: @CLIENT: Message from server: b'ONEBODY     '
2024-10-21 22:52:44,286:qiskit_nature_cp2k.cp2k_integration:INFO: e_inactive = -241.32177242300398
2024-10-21 22:52:44,287:qiskit_nature_cp2k.cp2k_integration:INFO: h1_a = 
[[-0.077968 -0.000202 -0.000087  0.000033  0.000001]
 [-0.000202 -0.143326 -0.000076 -0.00088  -0.000004]
 [-0.000087 -0.000076 -0.143014  0.000076  0.000772]
 [ 0.000033 -0.00088   0.000076 -0.122318 -0.000143]
 [ 0.000001 -0.000004  0.000772 -0.000143 -0.122985]]
2024-10-21 22:52:44,288:qiskit_nature_cp2k.cp2k_integration:INFO: 

 ------------------  SOLVE  -----------------

2024-10-21 22:52:44,288:qiskit_nature_cp2k.cp2k_integration:INFO: 5
2024-10-21 22:52:44,288:qiskit_nature_cp2k.cp2k_integration:INFO: (np.int32(1), np.int32(1))
2024-10-21 22:52:44,288:qiskit_nature_cp2k.cp2k_integration:INFO: [1. 0. 0. 0. 0.]
2024-10-21 22:52:44,288:qiskit_nature_cp2k.cp2k_integration:INFO: [1. 0. 0. 0. 0.]
2024-10-21 22:59:55,757:qiskit_nature_cp2k.stateful_vqe:INFO: Optimization complete in 429.59644198417664 seconds.
Found optimal point [ 0.001583 -0.00101   0.000241 -0.001597 -0.001465  0.000953 -0.000338  0.001474 -3.14109   2.351553  0.001364  0.042571  1.570704 -1.657816  0.070212 -0.12031   0.212749  0.074356 -1.197014 -0.183064  0.023816 -0.135353 -0.182707 -1.447425]
2024-10-21 23:00:12,301:qiskit_nature_cp2k.stateful_vqe:INFO: The circuit has the following gates: OrderedDict({'cx': 1448, 'u2': 1358, 'u1': 621, 'u': 5, 'r': 1})
2024-10-21 23:00:12,321:qiskit_nature_cp2k.stateful_vqe:INFO: The circuit has a depth of 1996
2024-10-21 23:00:12,348:qiskit_nature_cp2k.stateful_vqe:INFO: The circuit has a 2-qubit gate depth of 1431
2024-10-21 23:00:12,349:qiskit_nature_cp2k.stateful_vqe:INFO: The circuit has 24 paramters
2024-10-21 23:00:12,350:qiskit_nature_cp2k.cp2k_integration:INFO: Active space result: 

=== GROUND STATE ENERGY ===
 
* Electronic ground state energy (Hartree): -0.21707159792
  - computed part:      -0.21707159792
~ Nuclear repulsion energy (Hartree): -241.321772423004
> Total ground state energy (Hartree): -241.538844020924
 
=== MEASURED OBSERVABLES ===
 
  0:  # Particles: 2.000 S: 1.000 S^2: 1.999 M: 0.000

2024-10-21 23:00:12,351:qiskit_nature_cp2k.cp2k_integration:INFO: Active space density: 

array([[ 0.000011,  0.001344,  0.002155, -0.000002, -0.000047],
       [ 0.001344,  0.999993,  0.000001,  0.000001, -0.000019],
       [ 0.002155,  0.000001,  0.999092, -0.000683, -0.021275],
       [-0.000002,  0.000001, -0.000683,  0.000001,  0.000028],
       [-0.000047, -0.000019, -0.021275,  0.000028,  0.000902]])

2024-10-21 23:00:12,351:qiskit_nature_cp2k.cp2k_integration:INFO: @CLIENT: Message from server: b'GETDENSITY  '
2024-10-21 23:00:13,889:qiskit_nature_cp2k.cp2k_integration:INFO: @CLIENT: Message from server: b'STATUS      '
2024-10-21 23:00:13,890:qiskit_nature_cp2k.cp2k_integration:INFO: @CLIENT: Message from server: b'ONEBODY     '
2024-10-21 23:00:13,890:qiskit_nature_cp2k.cp2k_integration:INFO: e_inactive = -241.29318901716653
2024-10-21 23:00:13,890:qiskit_nature_cp2k.cp2k_integration:INFO: h1_a = 
[[-0.148813  0.000027  0.00002   0.000089  0.000169]
 [ 0.000027 -0.111827  0.000268 -0.000483  0.000061]
 [ 0.00002   0.000268 -0.111262  0.000065 -0.000378]
 [ 0.000089 -0.000483  0.000065 -0.12296  -0.000214]
 [ 0.000169  0.000061 -0.000378 -0.000214 -0.123321]]
2024-10-21 23:00:13,890:qiskit_nature_cp2k.cp2k_integration:INFO: 

 ------------------  SOLVE  -----------------

2024-10-21 23:00:13,890:qiskit_nature_cp2k.cp2k_integration:INFO: 5
2024-10-21 23:00:13,891:qiskit_nature_cp2k.cp2k_integration:INFO: (np.int32(1), np.int32(1))
2024-10-21 23:00:13,891:qiskit_nature_cp2k.cp2k_integration:INFO: [1. 0. 0. 0. 0.]
2024-10-21 23:00:13,891:qiskit_nature_cp2k.cp2k_integration:INFO: [1. 0. 0. 0. 0.]
2024-10-21 23:02:46,955:qiskit_nature_cp2k.stateful_vqe:INFO: Optimization complete in 151.1582145690918 seconds.
Found optimal point [-0.00079   0.001087  0.003962 -1.57881   0.000624 -0.002848 -0.004124  1.562808 -3.129314  2.543025  0.106779  0.708876  1.591612 -1.674025  0.064688 -0.100285  0.20626   0.069552 -1.194365 -0.163985  0.07512  -0.095942 -0.152311 -1.601765]
2024-10-21 23:03:03,319:qiskit_nature_cp2k.stateful_vqe:INFO: The circuit has the following gates: OrderedDict({'cx': 1448, 'u2': 1358, 'u1': 621, 'u': 5, 'r': 1})
2024-10-21 23:03:03,338:qiskit_nature_cp2k.stateful_vqe:INFO: The circuit has a depth of 1996
2024-10-21 23:03:03,366:qiskit_nature_cp2k.stateful_vqe:INFO: The circuit has a 2-qubit gate depth of 1431
2024-10-21 23:03:03,366:qiskit_nature_cp2k.stateful_vqe:INFO: The circuit has 24 paramters
2024-10-21 23:03:03,367:qiskit_nature_cp2k.cp2k_integration:INFO: Active space result: 

=== GROUND STATE ENERGY ===
 
* Electronic ground state energy (Hartree): -0.222306535256
  - computed part:      -0.222306535256
~ Nuclear repulsion energy (Hartree): -241.293189017167
> Total ground state energy (Hartree): -241.515495552423
 
=== MEASURED OBSERVABLES ===
 
  0:  # Particles: 2.000 S: 0.000 S^2: 0.000 M: 0.000

2024-10-21 23:03:03,368:qiskit_nature_cp2k.cp2k_integration:INFO: Active space density: 

array([[ 1.998067, -0.000021,  0.000062,  0.000127, -0.015523],
       [-0.000021,  0.000001, -0.000002, -0.000005, -0.000035],
       [ 0.000062, -0.000002,  0.000009,  0.000015,  0.000112],
       [ 0.000127, -0.000005,  0.000015,  0.000031,  0.000229],
       [-0.015523, -0.000035,  0.000112,  0.000229,  0.001893]])

2024-10-21 23:03:03,368:qiskit_nature_cp2k.cp2k_integration:INFO: @CLIENT: Message from server: b'GETDENSITY  '
2024-10-21 23:03:04,918:qiskit_nature_cp2k.cp2k_integration:INFO: @CLIENT: Message from server: b'STATUS      '
2024-10-21 23:03:04,918:qiskit_nature_cp2k.cp2k_integration:INFO: @CLIENT: Message from server: b'ONEBODY     '
2024-10-21 23:03:04,918:qiskit_nature_cp2k.cp2k_integration:INFO: e_inactive = -241.32937284106015
2024-10-21 23:03:04,918:qiskit_nature_cp2k.cp2k_integration:INFO: h1_a = 
[[-0.077143  0.000271 -0.000003  0.000055 -0.000398]
 [ 0.000271 -0.147367  0.000352 -0.000579  0.000028]
 [-0.000003  0.000352 -0.146587  0.00007   0.000461]
 [ 0.000055 -0.000579  0.00007  -0.123193 -0.000016]
 [-0.000398  0.000028  0.000461 -0.000016 -0.123275]]
2024-10-21 23:03:04,919:qiskit_nature_cp2k.cp2k_integration:INFO: 

 ------------------  SOLVE  -----------------

2024-10-21 23:03:04,919:qiskit_nature_cp2k.cp2k_integration:INFO: 5
2024-10-21 23:03:04,919:qiskit_nature_cp2k.cp2k_integration:INFO: (np.int32(1), np.int32(1))
2024-10-21 23:03:04,919:qiskit_nature_cp2k.cp2k_integration:INFO: [1. 0. 0. 0. 0.]
2024-10-21 23:03:04,919:qiskit_nature_cp2k.cp2k_integration:INFO: [1. 0. 0. 0. 0.]
2024-10-21 23:08:17,156:qiskit_nature_cp2k.stateful_vqe:INFO: Optimization complete in 310.44336557388306 seconds.
Found optimal point [-1.575028  0.746334 -0.280923 -1.451649 -1.032674 -0.439317  0.049806  1.57188  -4.711526  2.463863  0.043998  0.739075  1.566264 -1.528109  0.064885 -0.093332 -0.009329  0.076864 -1.233819 -0.118315 -0.718298 -0.098224 -0.12017  -8.474206]
2024-10-21 23:08:33,615:qiskit_nature_cp2k.stateful_vqe:INFO: The circuit has the following gates: OrderedDict({'cx': 1448, 'u2': 1358, 'u1': 621, 'u': 5, 'r': 1})
2024-10-21 23:08:33,634:qiskit_nature_cp2k.stateful_vqe:INFO: The circuit has a depth of 1996
2024-10-21 23:08:33,662:qiskit_nature_cp2k.stateful_vqe:INFO: The circuit has a 2-qubit gate depth of 1431
2024-10-21 23:08:33,662:qiskit_nature_cp2k.stateful_vqe:INFO: The circuit has 24 paramters
2024-10-21 23:08:33,663:qiskit_nature_cp2k.cp2k_integration:INFO: Active space result: 

=== GROUND STATE ENERGY ===
 
* Electronic ground state energy (Hartree): -0.224673652298
  - computed part:      -0.224673652298
~ Nuclear repulsion energy (Hartree): -241.32937284106
> Total ground state energy (Hartree): -241.554046493358
 
=== MEASURED OBSERVABLES ===
 
  0:  # Particles: 2.000 S: 1.000 S^2: 2.000 M: 0.000

2024-10-21 23:08:33,663:qiskit_nature_cp2k.cp2k_integration:INFO: Active space density: 

array([[ 0.000008,  0.000055,  0.00014 ,  0.      , -0.000007],
       [ 0.000055,  0.999993, -0.000018,  0.000093, -0.000631],
       [ 0.00014 , -0.000018,  0.99972 , -0.000765, -0.013105],
       [ 0.      ,  0.000093, -0.000765,  0.000001,  0.000007],
       [-0.000007, -0.000631, -0.013105,  0.000007,  0.000277]])

2024-10-21 23:08:33,664:qiskit_nature_cp2k.cp2k_integration:INFO: @CLIENT: Message from server: b'GETDENSITY  '
2024-10-21 23:08:35,117:qiskit_nature_cp2k.cp2k_integration:INFO: @CLIENT: Message from server: b'STATUS      '
2024-10-21 23:08:35,117:qiskit_nature_cp2k.cp2k_integration:INFO: @CLIENT: Message from server: b'ONEBODY     '
2024-10-21 23:08:35,117:qiskit_nature_cp2k.cp2k_integration:INFO: e_inactive = -241.29320233150557
2024-10-21 23:08:35,117:qiskit_nature_cp2k.cp2k_integration:INFO: h1_a = 
[[-0.148813 -0.000019 -0.000052  0.000088  0.000171]
 [-0.000019 -0.111826  0.000267 -0.000479  0.000041]
 [-0.000052  0.000267 -0.11124   0.000063 -0.000097]
 [ 0.000088 -0.000479  0.000063 -0.12296  -0.000215]
 [ 0.000171  0.000041 -0.000097 -0.000215 -0.123342]]
2024-10-21 23:08:35,118:qiskit_nature_cp2k.cp2k_integration:INFO: 

 ------------------  SOLVE  -----------------

2024-10-21 23:08:35,118:qiskit_nature_cp2k.cp2k_integration:INFO: 5
2024-10-21 23:08:35,118:qiskit_nature_cp2k.cp2k_integration:INFO: (np.int32(1), np.int32(1))
2024-10-21 23:08:35,118:qiskit_nature_cp2k.cp2k_integration:INFO: [1. 0. 0. 0. 0.]
2024-10-21 23:08:35,118:qiskit_nature_cp2k.cp2k_integration:INFO: [1. 0. 0. 0. 0.]
2024-10-21 23:12:39,027:qiskit_nature_cp2k.stateful_vqe:INFO: Optimization complete in 242.1027593612671 seconds.
Found optimal point [-3.141335  0.000459  0.003912 -1.578119 -3.135537 -0.001833 -0.002689  1.563549 -4.697403  3.732744  0.116044  2.556597  1.575485 -1.551945  0.064702 -0.135407 -0.015999  0.073166 -1.32928   0.023754 -1.436948 -0.15239  -0.230227 -7.878429]
2024-10-21 23:12:55,241:qiskit_nature_cp2k.stateful_vqe:INFO: The circuit has the following gates: OrderedDict({'cx': 1448, 'u2': 1358, 'u1': 621, 'u': 5, 'r': 1})
2024-10-21 23:12:55,261:qiskit_nature_cp2k.stateful_vqe:INFO: The circuit has a depth of 1996
2024-10-21 23:12:55,289:qiskit_nature_cp2k.stateful_vqe:INFO: The circuit has a 2-qubit gate depth of 1431
2024-10-21 23:12:55,289:qiskit_nature_cp2k.stateful_vqe:INFO: The circuit has 24 paramters
2024-10-21 23:12:55,290:qiskit_nature_cp2k.cp2k_integration:INFO: Active space result: 

=== GROUND STATE ENERGY ===
 
* Electronic ground state energy (Hartree): -0.222305169114
  - computed part:      -0.222305169114
~ Nuclear repulsion energy (Hartree): -241.293202331506
> Total ground state energy (Hartree): -241.515507500619
 
=== MEASURED OBSERVABLES ===
 
  0:  # Particles: 2.000 S: 0.000 S^2: 0.000 M: -0.000

2024-10-21 23:12:55,291:qiskit_nature_cp2k.cp2k_integration:INFO: Active space density: 

array([[ 1.998094, -0.000049,  0.00004 ,  0.000105, -0.014134],
       [-0.000049,  0.000001, -0.000002, -0.000004, -0.000027],
       [ 0.00004 , -0.000002,  0.000008,  0.000012,  0.000093],
       [ 0.000105, -0.000004,  0.000012,  0.000031,  0.000229],
       [-0.014134, -0.000027,  0.000093,  0.000229,  0.001867]])

2024-10-21 23:12:55,291:qiskit_nature_cp2k.cp2k_integration:INFO: @CLIENT: Message from server: b'GETDENSITY  '
2024-10-21 23:12:56,682:qiskit_nature_cp2k.cp2k_integration:INFO: @CLIENT: Message from server: b'STATUS      '
2024-10-21 23:12:56,682:qiskit_nature_cp2k.cp2k_integration:INFO: @CLIENT: Message from server: b'ONEBODY     '
2024-10-21 23:12:56,682:qiskit_nature_cp2k.cp2k_integration:INFO: e_inactive = -241.32937339689585
2024-10-21 23:12:56,682:qiskit_nature_cp2k.cp2k_integration:INFO: h1_a = 
[[-0.077142  0.00027  -0.000004  0.000054 -0.00035 ]
 [ 0.00027  -0.147367  0.000352 -0.000579  0.000028]
 [-0.000004  0.000352 -0.146587  0.00007   0.000461]
 [ 0.000054 -0.000579  0.00007  -0.123193 -0.000017]
 [-0.00035   0.000028  0.000461 -0.000017 -0.123275]]
2024-10-21 23:12:56,683:qiskit_nature_cp2k.cp2k_integration:INFO: 

 ------------------  SOLVE  -----------------

2024-10-21 23:12:56,683:qiskit_nature_cp2k.cp2k_integration:INFO: 5
2024-10-21 23:12:56,683:qiskit_nature_cp2k.cp2k_integration:INFO: (np.int32(1), np.int32(1))
2024-10-21 23:12:56,683:qiskit_nature_cp2k.cp2k_integration:INFO: [1. 0. 0. 0. 0.]
2024-10-21 23:12:56,683:qiskit_nature_cp2k.cp2k_integration:INFO: [1. 0. 0. 0. 0.]
2024-10-21 23:19:01,441:qiskit_nature_cp2k.stateful_vqe:INFO: Optimization complete in 362.9358489513397 seconds.
Found optimal point [ -1.636598  -4.695586   6.881543  -0.500281   1.814117  -6.417389   1.612976   1.489665  -4.71327    3.99252    0.344926   3.150498   1.660758  -1.547939   0.011311  -0.228852  -0.948261   0.14982   -1.383496  -0.952652   7.492556  -6.298597   0.122015 -10.220947]
2024-10-21 23:19:17,783:qiskit_nature_cp2k.stateful_vqe:INFO: The circuit has the following gates: OrderedDict({'cx': 1448, 'u2': 1358, 'u1': 621, 'u': 5, 'r': 1})
2024-10-21 23:19:17,803:qiskit_nature_cp2k.stateful_vqe:INFO: The circuit has a depth of 1996
2024-10-21 23:19:17,830:qiskit_nature_cp2k.stateful_vqe:INFO: The circuit has a 2-qubit gate depth of 1431
2024-10-21 23:19:17,830:qiskit_nature_cp2k.stateful_vqe:INFO: The circuit has 24 paramters
2024-10-21 23:19:17,831:qiskit_nature_cp2k.cp2k_integration:INFO: Active space result: 

=== GROUND STATE ENERGY ===
 
* Electronic ground state energy (Hartree): -0.224679030964
  - computed part:      -0.224679030964
~ Nuclear repulsion energy (Hartree): -241.329373396896
> Total ground state energy (Hartree): -241.554052427859
 
=== MEASURED OBSERVABLES ===
 
  0:  # Particles: 2.000 S: 1.000 S^2: 1.999 M: 0.000

2024-10-21 23:19:17,831:qiskit_nature_cp2k.cp2k_integration:INFO: Active space density: 

array([[ 0.000001,  0.000056, -0.001122, -0.000001,  0.000014],
       [ 0.000056,  0.999754, -0.000003,  0.011153, -0.000083],
       [-0.001122, -0.000003,  0.999727,  0.001661, -0.011731],
       [-0.000001,  0.011153,  0.001661,  0.000252, -0.000003],
       [ 0.000014, -0.000083, -0.011731, -0.000003,  0.000265]])

2024-10-21 23:19:17,832:qiskit_nature_cp2k.cp2k_integration:INFO: @CLIENT: Message from server: b'GETDENSITY  '
2024-10-21 23:19:19,322:qiskit_nature_cp2k.cp2k_integration:INFO: @CLIENT: Message from server: b'STATUS      '
2024-10-21 23:19:19,322:qiskit_nature_cp2k.cp2k_integration:INFO: @CLIENT: Message from server: b'ONEBODY     '
2024-10-21 23:19:19,322:qiskit_nature_cp2k.cp2k_integration:INFO: e_inactive = -241.29319659134867
2024-10-21 23:19:19,322:qiskit_nature_cp2k.cp2k_integration:INFO: h1_a = 
[[-0.148814 -0.000019 -0.000098  0.000088  0.000171]
 [-0.000019 -0.111835  0.000267 -0.000096  0.000059]
 [-0.000098  0.000267 -0.111239  0.000146 -0.000049]
 [ 0.000088 -0.000096  0.000146 -0.122951 -0.000215]
 [ 0.000171  0.000059 -0.000049 -0.000215 -0.123342]]
2024-10-21 23:19:19,323:qiskit_nature_cp2k.cp2k_integration:INFO: 

 ------------------  SOLVE  -----------------

2024-10-21 23:19:19,323:qiskit_nature_cp2k.cp2k_integration:INFO: 5
2024-10-21 23:19:19,323:qiskit_nature_cp2k.cp2k_integration:INFO: (np.int32(1), np.int32(1))
2024-10-21 23:19:19,323:qiskit_nature_cp2k.cp2k_integration:INFO: [1. 0. 0. 0. 0.]
2024-10-21 23:19:19,323:qiskit_nature_cp2k.cp2k_integration:INFO: [1. 0. 0. 0. 0.]
2024-10-21 23:24:47,556:qiskit_nature_cp2k.stateful_vqe:INFO: Optimization complete in 326.35304045677185 seconds.
Found optimal point [ -3.161313  -6.28275    8.095012  -1.575045   3.143924  -6.27842    3.131527   0.002192  -4.648675   4.309517  -0.90569    7.613609   1.67697   -1.477642   0.109151  -0.427694  -0.665115   0.259711  -1.537912  -0.787503   7.459706  -6.384795   0.315399 -10.210836]
2024-10-21 23:25:04,006:qiskit_nature_cp2k.stateful_vqe:INFO: The circuit has the following gates: OrderedDict({'cx': 1448, 'u2': 1358, 'u1': 621, 'u': 5, 'r': 1})
2024-10-21 23:25:04,025:qiskit_nature_cp2k.stateful_vqe:INFO: The circuit has a depth of 1996
2024-10-21 23:25:04,053:qiskit_nature_cp2k.stateful_vqe:INFO: The circuit has a 2-qubit gate depth of 1431
2024-10-21 23:25:04,053:qiskit_nature_cp2k.stateful_vqe:INFO: The circuit has 24 paramters
2024-10-21 23:25:04,054:qiskit_nature_cp2k.cp2k_integration:INFO: Active space result: 

=== GROUND STATE ENERGY ===
 
* Electronic ground state energy (Hartree): -0.203082058557
  - computed part:      -0.203082058557
~ Nuclear repulsion energy (Hartree): -241.293196591349
> Total ground state energy (Hartree): -241.496278649906
 
=== MEASURED OBSERVABLES ===
 
  0:  # Particles: 2.000 S: 0.618 S^2: 1.000 M: -0.000

2024-10-21 23:25:04,054:qiskit_nature_cp2k.cp2k_integration:INFO: Active space density: 

array([[ 0.999865,  0.002991,  0.004923,  0.000608, -0.008   ],
       [ 0.002991,  0.000421,  0.000005, -0.019128, -0.004721],
       [ 0.004923,  0.000005,  0.000024,  0.000426,  0.000064],
       [ 0.000608, -0.019128,  0.000426,  0.942632,  0.231688],
       [-0.008   , -0.004721,  0.000064,  0.231688,  0.057057]])

2024-10-21 23:25:04,055:qiskit_nature_cp2k.cp2k_integration:INFO: @CLIENT: Message from server: b'GETDENSITY  '
2024-10-21 23:25:05,607:qiskit_nature_cp2k.cp2k_integration:INFO: @CLIENT: Message from server: b'STATUS      '
2024-10-21 23:25:05,607:qiskit_nature_cp2k.cp2k_integration:INFO: @CLIENT: Message from server: b'ONEBODY     '
2024-10-21 23:25:05,607:qiskit_nature_cp2k.cp2k_integration:INFO: e_inactive = -241.29216024828855
2024-10-21 23:25:05,607:qiskit_nature_cp2k.cp2k_integration:INFO: h1_a = 
[[-0.11324   0.000317  0.00015   0.000097 -0.000143]
 [ 0.000317 -0.147442  0.000289 -0.0011   -0.000121]
 [ 0.00015   0.000289 -0.146882  0.00007   0.000381]
 [ 0.000097 -0.0011    0.00007  -0.091382  0.007809]
 [-0.000143 -0.000121  0.000381  0.007809 -0.121268]]
2024-10-21 23:25:05,608:qiskit_nature_cp2k.cp2k_integration:INFO: 

 ------------------  SOLVE  -----------------

2024-10-21 23:25:05,608:qiskit_nature_cp2k.cp2k_integration:INFO: 5
2024-10-21 23:25:05,608:qiskit_nature_cp2k.cp2k_integration:INFO: (np.int32(1), np.int32(1))
2024-10-21 23:25:05,608:qiskit_nature_cp2k.cp2k_integration:INFO: [1. 0. 0. 0. 0.]
2024-10-21 23:25:05,608:qiskit_nature_cp2k.cp2k_integration:INFO: [1. 0. 0. 0. 0.]
2024-10-21 23:30:18,671:qiskit_nature_cp2k.stateful_vqe:INFO: Optimization complete in 311.23330450057983 seconds.
Found optimal point [ -4.70937   -6.270725   6.749233  -1.732906   2.562206  -5.631721   0.90535   -1.575592  -4.713668   4.287923  -1.148928   6.922644   1.572938  -1.490676   0.105576  -0.428032  -0.663654   0.259793  -1.544009  -0.766219   7.448939  -6.374126   0.312125 -10.211314]
2024-10-21 23:30:34,979:qiskit_nature_cp2k.stateful_vqe:INFO: The circuit has the following gates: OrderedDict({'cx': 1448, 'u2': 1358, 'u1': 621, 'u': 5, 'r': 1})
2024-10-21 23:30:34,998:qiskit_nature_cp2k.stateful_vqe:INFO: The circuit has a depth of 1996
2024-10-21 23:30:35,026:qiskit_nature_cp2k.stateful_vqe:INFO: The circuit has a 2-qubit gate depth of 1431
2024-10-21 23:30:35,026:qiskit_nature_cp2k.stateful_vqe:INFO: The circuit has 24 paramters
2024-10-21 23:30:35,027:qiskit_nature_cp2k.cp2k_integration:INFO: Active space result: 

=== GROUND STATE ENERGY ===
 
* Electronic ground state energy (Hartree): -0.225041314383
  - computed part:      -0.225041314383
~ Nuclear repulsion energy (Hartree): -241.292160248289
> Total ground state energy (Hartree): -241.517201562671
 
=== MEASURED OBSERVABLES ===
 
  0:  # Particles: 2.000 S: 1.000 S^2: 2.000 M: -0.000

2024-10-21 23:30:35,028:qiskit_nature_cp2k.cp2k_integration:INFO: Active space density: 

array([[ 0.000004,  0.000158, -0.001227, -0.000003,  0.000025],
       [ 0.000158,  0.99999 , -0.000002,  0.000392, -0.000812],
       [-0.001227, -0.000002,  0.999813,  0.001728, -0.009827],
       [-0.000003,  0.000392,  0.001728,  0.000008, -0.000022],
       [ 0.000025, -0.000812, -0.009827, -0.000022,  0.000184]])

2024-10-21 23:30:35,028:qiskit_nature_cp2k.cp2k_integration:INFO: @CLIENT: Message from server: b'GETDENSITY  '
2024-10-21 23:30:36,454:qiskit_nature_cp2k.cp2k_integration:INFO: @CLIENT: Message from server: b'STATUS      '
2024-10-21 23:30:36,454:qiskit_nature_cp2k.cp2k_integration:INFO: @CLIENT: Message from server: b'ONEBODY     '
2024-10-21 23:30:36,454:qiskit_nature_cp2k.cp2k_integration:INFO: e_inactive = -241.29320327026966
2024-10-21 23:30:36,454:qiskit_nature_cp2k.cp2k_integration:INFO: h1_a = 
[[-0.148813 -0.000015 -0.000101  0.000087  0.000172]
 [-0.000015 -0.111826  0.000267 -0.000469  0.000035]
 [-0.000101  0.000267 -0.111236  0.000148  0.000016]
 [ 0.000087 -0.000469  0.000148 -0.12296  -0.000216]
 [ 0.000172  0.000035  0.000016 -0.000216 -0.123345]]
2024-10-21 23:30:36,455:qiskit_nature_cp2k.cp2k_integration:INFO: 

 ------------------  SOLVE  -----------------

2024-10-21 23:30:36,455:qiskit_nature_cp2k.cp2k_integration:INFO: 5
2024-10-21 23:30:36,455:qiskit_nature_cp2k.cp2k_integration:INFO: (np.int32(1), np.int32(1))
2024-10-21 23:30:36,455:qiskit_nature_cp2k.cp2k_integration:INFO: [1. 0. 0. 0. 0.]
2024-10-21 23:30:36,455:qiskit_nature_cp2k.cp2k_integration:INFO: [1. 0. 0. 0. 0.]
2024-10-21 23:38:44,822:qiskit_nature_cp2k.stateful_vqe:INFO: Optimization complete in 486.56271719932556 seconds.
Found optimal point [-3.143313 -6.254853  6.266854 -1.573834  2.08881  -5.500569  2.957694 -1.547626 -4.650105  4.437428 -0.887444  8.650147  1.555792 -1.443708  0.01816  -0.844266 -0.607722  0.313819 -1.565484 -0.808837  7.847974 -6.662614 -0.064303 -9.804863]
2024-10-21 23:39:01,141:qiskit_nature_cp2k.stateful_vqe:INFO: The circuit has the following gates: OrderedDict({'cx': 1448, 'u2': 1358, 'u1': 621, 'u': 5, 'r': 1})
2024-10-21 23:39:01,161:qiskit_nature_cp2k.stateful_vqe:INFO: The circuit has a depth of 1996
2024-10-21 23:39:01,188:qiskit_nature_cp2k.stateful_vqe:INFO: The circuit has a 2-qubit gate depth of 1431
2024-10-21 23:39:01,188:qiskit_nature_cp2k.stateful_vqe:INFO: The circuit has 24 paramters
2024-10-21 23:39:01,189:qiskit_nature_cp2k.cp2k_integration:INFO: Active space result: 

=== GROUND STATE ENERGY ===
 
* Electronic ground state energy (Hartree): -0.22236889502
  - computed part:      -0.22236889502
~ Nuclear repulsion energy (Hartree): -241.29320327027
> Total ground state energy (Hartree): -241.51557216529
 
=== MEASURED OBSERVABLES ===
 
  0:  # Particles: 2.000 S: 0.000 S^2: 0.000 M: -0.000

2024-10-21 23:39:01,190:qiskit_nature_cp2k.cp2k_integration:INFO: Active space density: 

array([[ 1.996247, -0.002651,  0.001272,  0.000086, -0.006751],
       [-0.002651,  0.000017, -0.000043, -0.000059, -0.000038],
       [ 0.001272, -0.000043,  0.001099, -0.000121,  0.000276],
       [ 0.000086, -0.000059, -0.000121,  0.000994,  0.000346],
       [-0.006751, -0.000038,  0.000276,  0.000346,  0.001644]])

2024-10-21 23:39:01,190:qiskit_nature_cp2k.cp2k_integration:INFO: @CLIENT: Message from server: b'GETDENSITY  '
2024-10-21 23:39:02,575:qiskit_nature_cp2k.cp2k_integration:INFO: @CLIENT: Message from server: b'STATUS      '
2024-10-21 23:39:02,575:qiskit_nature_cp2k.cp2k_integration:INFO: @CLIENT: Message from server: b'ONEBODY     '
2024-10-21 23:39:02,575:qiskit_nature_cp2k.cp2k_integration:INFO: e_inactive = -241.32923506870998
2024-10-21 23:39:02,575:qiskit_nature_cp2k.cp2k_integration:INFO: h1_a = 
[[-0.077208  0.000177  0.000038  0.000053 -0.000095]
 [ 0.000177 -0.147366  0.00035  -0.000581  0.000027]
 [ 0.000038  0.00035  -0.146549  0.000064  0.000467]
 [ 0.000053 -0.000581  0.000064 -0.12316  -0.000013]
 [-0.000095  0.000027  0.000467 -0.000013 -0.123283]]
2024-10-21 23:39:02,576:qiskit_nature_cp2k.cp2k_integration:INFO: 

 ------------------  SOLVE  -----------------

2024-10-21 23:39:02,576:qiskit_nature_cp2k.cp2k_integration:INFO: 5
2024-10-21 23:39:02,576:qiskit_nature_cp2k.cp2k_integration:INFO: (np.int32(1), np.int32(1))
2024-10-21 23:39:02,576:qiskit_nature_cp2k.cp2k_integration:INFO: [1. 0. 0. 0. 0.]
2024-10-21 23:39:02,576:qiskit_nature_cp2k.cp2k_integration:INFO: [1. 0. 0. 0. 0.]
2024-10-21 23:45:57,801:qiskit_nature_cp2k.stateful_vqe:INFO: Optimization complete in 413.42766761779785 seconds.
Found optimal point [ -3.932064  -1.566313   2.838721  -1.821406   1.57604   -5.64193    2.693197  -1.556856  -4.712482   4.783234  -0.020775   9.049373   3.215287  -1.005502   0.210907  -0.881375  -0.647331   0.237083  -1.549892  -0.857463   8.57471   -6.891259   0.320843 -11.87437 ]
2024-10-21 23:46:14,533:qiskit_nature_cp2k.stateful_vqe:INFO: The circuit has the following gates: OrderedDict({'cx': 1448, 'u2': 1358, 'u1': 621, 'u': 5, 'r': 1})
2024-10-21 23:46:14,552:qiskit_nature_cp2k.stateful_vqe:INFO: The circuit has a depth of 1996
2024-10-21 23:46:14,579:qiskit_nature_cp2k.stateful_vqe:INFO: The circuit has a 2-qubit gate depth of 1431
2024-10-21 23:46:14,579:qiskit_nature_cp2k.stateful_vqe:INFO: The circuit has 24 paramters
2024-10-21 23:46:14,581:qiskit_nature_cp2k.cp2k_integration:INFO: Active space result: 

=== GROUND STATE ENERGY ===
 
* Electronic ground state energy (Hartree): -0.22463464577
  - computed part:      -0.22463464577
~ Nuclear repulsion energy (Hartree): -241.32923506871
> Total ground state energy (Hartree): -241.55386971448
 
=== MEASURED OBSERVABLES ===
 
  0:  # Particles: 2.000 S: 1.000 S^2: 2.000 M: 0.000

2024-10-21 23:46:14,581:qiskit_nature_cp2k.cp2k_integration:INFO: Active space density: 

array([[ 0.000004,  0.000026, -0.000553,  0.000001,  0.000002],
       [ 0.000026,  0.999977,  0.00001 ,  0.000592,  0.000029],
       [-0.000553,  0.00001 ,  0.999714, -0.000617, -0.013218],
       [ 0.000001,  0.000592, -0.000617,  0.000014,  0.000009],
       [ 0.000002,  0.000029, -0.013218,  0.000009,  0.000291]])

2024-10-21 23:46:14,582:qiskit_nature_cp2k.cp2k_integration:INFO: @CLIENT: Message from server: b'GETDENSITY  '
2024-10-21 23:46:15,964:qiskit_nature_cp2k.cp2k_integration:INFO: @CLIENT: Message from server: b'STATUS      '
2024-10-21 23:46:15,964:qiskit_nature_cp2k.cp2k_integration:INFO: @CLIENT: Message from server: b'ONEBODY     '
2024-10-21 23:46:15,965:qiskit_nature_cp2k.cp2k_integration:INFO: e_inactive = -241.29320162325175
2024-10-21 23:46:15,965:qiskit_nature_cp2k.cp2k_integration:INFO: h1_a = 
[[-0.148813 -0.00002  -0.000077  0.000088  0.000171]
 [-0.00002  -0.111827  0.000268 -0.000462  0.000064]
 [-0.000077  0.000268 -0.11124   0.000068 -0.000101]
 [ 0.000088 -0.000462  0.000068 -0.12296  -0.000215]
 [ 0.000171  0.000064 -0.000101 -0.000215 -0.123341]]
2024-10-21 23:46:15,965:qiskit_nature_cp2k.cp2k_integration:INFO: 

 ------------------  SOLVE  -----------------

2024-10-21 23:46:15,965:qiskit_nature_cp2k.cp2k_integration:INFO: 5
2024-10-21 23:46:15,965:qiskit_nature_cp2k.cp2k_integration:INFO: (np.int32(1), np.int32(1))
2024-10-21 23:46:15,965:qiskit_nature_cp2k.cp2k_integration:INFO: [1. 0. 0. 0. 0.]
2024-10-21 23:46:15,965:qiskit_nature_cp2k.cp2k_integration:INFO: [1. 0. 0. 0. 0.]
2024-10-21 23:56:23,738:qiskit_nature_cp2k.stateful_vqe:INFO: Optimization complete in 605.9712491035461 seconds.
Found optimal point [ -3.165493  -0.021649   3.124011  -1.562012   3.161481  -6.305888   3.12233   -1.562498  -4.525369   6.841086  -0.09316    7.832959   3.17315   -1.370366  -0.37078   -1.491216   0.011087   0.088626  -1.697866  -1.146925   8.596219  -7.07285    0.401519 -11.062768]
2024-10-21 23:56:40,298:qiskit_nature_cp2k.stateful_vqe:INFO: The circuit has the following gates: OrderedDict({'cx': 1448, 'u2': 1358, 'u1': 621, 'u': 5, 'r': 1})
2024-10-21 23:56:40,318:qiskit_nature_cp2k.stateful_vqe:INFO: The circuit has a depth of 1996
2024-10-21 23:56:40,345:qiskit_nature_cp2k.stateful_vqe:INFO: The circuit has a 2-qubit gate depth of 1431
2024-10-21 23:56:40,345:qiskit_nature_cp2k.stateful_vqe:INFO: The circuit has 24 paramters
2024-10-21 23:56:40,347:qiskit_nature_cp2k.cp2k_integration:INFO: Active space result: 

=== GROUND STATE ENERGY ===
 
* Electronic ground state energy (Hartree): -0.222370205542
  - computed part:      -0.222370205542
~ Nuclear repulsion energy (Hartree): -241.293201623252
> Total ground state energy (Hartree): -241.515571828794
 
=== MEASURED OBSERVABLES ===
 
  0:  # Particles: 2.000 S: 0.000 S^2: 0.000 M: 0.000

2024-10-21 23:56:40,347:qiskit_nature_cp2k.cp2k_integration:INFO: Active space density: 

array([[ 1.996166,  0.000014,  0.000413, -0.000234, -0.016569],
       [ 0.000014,  0.000002,  0.000005, -0.000015, -0.000032],
       [ 0.000413,  0.000005,  0.001125, -0.000031,  0.000254],
       [-0.000234, -0.000015, -0.000031,  0.000973,  0.000422],
       [-0.016569, -0.000032,  0.000254,  0.000422,  0.001735]])

2024-10-21 23:56:40,348:qiskit_nature_cp2k.cp2k_integration:INFO: @CLIENT: Message from server: b'GETDENSITY  '
2024-10-21 23:56:41,755:qiskit_nature_cp2k.cp2k_integration:INFO: @CLIENT: Message from server: b'STATUS      '
2024-10-21 23:56:41,755:qiskit_nature_cp2k.cp2k_integration:INFO: @CLIENT: Message from server: b'ONEBODY     '
2024-10-21 23:56:41,755:qiskit_nature_cp2k.cp2k_integration:INFO: e_inactive = -241.32923741461676
2024-10-21 23:56:41,755:qiskit_nature_cp2k.cp2k_integration:INFO: h1_a = 
[[-0.077211  0.000272  0.000009  0.000042 -0.000434]
 [ 0.000272 -0.147367  0.000352 -0.000579  0.000028]
 [ 0.000009  0.000352 -0.146548  0.000069  0.000466]
 [ 0.000042 -0.000579  0.000069 -0.123161 -0.00001 ]
 [-0.000434  0.000028  0.000466 -0.00001  -0.12328 ]]
2024-10-21 23:56:41,756:qiskit_nature_cp2k.cp2k_integration:INFO: 

 ------------------  SOLVE  -----------------

2024-10-21 23:56:41,756:qiskit_nature_cp2k.cp2k_integration:INFO: 5
2024-10-21 23:56:41,756:qiskit_nature_cp2k.cp2k_integration:INFO: (np.int32(1), np.int32(1))
2024-10-21 23:56:41,756:qiskit_nature_cp2k.cp2k_integration:INFO: [1. 0. 0. 0. 0.]
2024-10-21 23:56:41,756:qiskit_nature_cp2k.cp2k_integration:INFO: [1. 0. 0. 0. 0.]
2024-10-22 00:00:56,953:qiskit_nature_cp2k.stateful_vqe:INFO: Optimization complete in 253.33939790725708 seconds.
Found optimal point [ -5.49624   -1.563008   3.883385  -1.521099   1.560827  -4.807361   3.68835   -1.587469  -4.708813   7.887157  -0.075897   7.752149   3.140731  -1.564245  -0.368335  -1.419484  -0.02822    0.102168  -1.698542  -1.137244   8.66522   -7.096166   0.384331 -13.268626]
2024-10-22 00:01:13,476:qiskit_nature_cp2k.stateful_vqe:INFO: The circuit has the following gates: OrderedDict({'cx': 1448, 'u2': 1358, 'u1': 621, 'u': 5, 'r': 1})
2024-10-22 00:01:13,495:qiskit_nature_cp2k.stateful_vqe:INFO: The circuit has a depth of 1996
2024-10-22 00:01:13,523:qiskit_nature_cp2k.stateful_vqe:INFO: The circuit has a 2-qubit gate depth of 1431
2024-10-22 00:01:13,523:qiskit_nature_cp2k.stateful_vqe:INFO: The circuit has 24 paramters
2024-10-22 00:01:13,524:qiskit_nature_cp2k.cp2k_integration:INFO: Active space result: 

=== GROUND STATE ENERGY ===
 
* Electronic ground state energy (Hartree): -0.224635964818
  - computed part:      -0.224635964818
~ Nuclear repulsion energy (Hartree): -241.329237414617
> Total ground state energy (Hartree): -241.553873379435
 
=== MEASURED OBSERVABLES ===
 
  0:  # Particles: 2.000 S: 1.000 S^2: 2.000 M: -0.000

2024-10-22 00:01:13,524:qiskit_nature_cp2k.cp2k_integration:INFO: Active space density: 

array([[ 0.000004,  0.000005,  0.000149, -0.000001, -0.000001],
       [ 0.000005,  0.999948,  0.000097,  0.002158,  0.002915],
       [ 0.000149,  0.000097,  0.999695, -0.001459, -0.013606],
       [-0.000001,  0.002158, -0.001459,  0.00003 , -0.000001],
       [-0.000001,  0.002915, -0.013606, -0.000001,  0.000323]])

2024-10-22 00:01:13,525:qiskit_nature_cp2k.cp2k_integration:INFO: @CLIENT: Message from server: b'GETDENSITY  '
2024-10-22 00:01:14,897:qiskit_nature_cp2k.cp2k_integration:INFO: @CLIENT: Message from server: b'STATUS      '
2024-10-22 00:01:14,898:qiskit_nature_cp2k.cp2k_integration:INFO: @CLIENT: Message from server: b'ONEBODY     '
2024-10-22 00:01:14,898:qiskit_nature_cp2k.cp2k_integration:INFO: e_inactive = -241.29320068504813
2024-10-22 00:01:14,898:qiskit_nature_cp2k.cp2k_integration:INFO: h1_a = 
[[-0.148813 -0.000021 -0.000052  0.000088  0.000171]
 [-0.000021 -0.111828  0.000271 -0.000408  0.000163]
 [-0.000052  0.000271 -0.11124   0.000039 -0.000114]
 [ 0.000088 -0.000408  0.000039 -0.122959 -0.000215]
 [ 0.000171  0.000163 -0.000114 -0.000215 -0.12334 ]]
2024-10-22 00:01:14,898:qiskit_nature_cp2k.cp2k_integration:INFO: 

 ------------------  SOLVE  -----------------

2024-10-22 00:01:14,898:qiskit_nature_cp2k.cp2k_integration:INFO: 5
2024-10-22 00:01:14,898:qiskit_nature_cp2k.cp2k_integration:INFO: (np.int32(1), np.int32(1))
2024-10-22 00:01:14,898:qiskit_nature_cp2k.cp2k_integration:INFO: [1. 0. 0. 0. 0.]
2024-10-22 00:01:14,898:qiskit_nature_cp2k.cp2k_integration:INFO: [1. 0. 0. 0. 0.]
2024-10-22 00:26:49,510:qiskit_nature_cp2k.stateful_vqe:INFO: Optimization complete in 1532.7083637714386 seconds.
Found optimal point [ -6.253324   0.022561   3.153944  -1.569151   2.258366  -6.210034   3.057446  -1.584113  -6.178308  11.878187   0.015941   7.969653   2.414337  -1.984376   0.153195  -2.258897  -0.388873   0.057705  -1.458605  -1.03936    7.862533  -6.346651  -0.073786 -13.276029]
2024-10-22 00:27:05,732:qiskit_nature_cp2k.stateful_vqe:INFO: The circuit has the following gates: OrderedDict({'cx': 1448, 'u2': 1358, 'u1': 621, 'u': 5, 'r': 1})
2024-10-22 00:27:05,751:qiskit_nature_cp2k.stateful_vqe:INFO: The circuit has a depth of 1996
