2024-10-15 12:27:54,425:qiskit_nature_cp2k.cp2k_integration:INFO: 

 ---------- STARTING CP2K INTEGRATION ----------

2024-10-15 12:27:54,426:qiskit_nature_cp2k.cp2k_integration:INFO: @CLIENT: connecting to socket
2024-10-15 12:27:54,426:qiskit_nature_cp2k.cp2k_integration:INFO: @CLIENT: connected
2024-10-15 12:27:54,426:qiskit_nature_cp2k.cp2k_integration:INFO: @CLIENT: Message from server: b'STATUS      '
2024-10-15 12:27:54,426:qiskit_nature_cp2k.cp2k_integration:INFO: @CLIENT: Message from server: b'TWOBODY     '
2024-10-15 12:27:54,426:qiskit_nature_cp2k.cp2k_integration:INFO: nspins = 1
2024-10-15 12:27:54,427:qiskit_nature_cp2k.cp2k_integration:INFO: nmo_active = 5
2024-10-15 12:27:54,427:qiskit_nature_cp2k.cp2k_integration:INFO: nelec_active = 2
2024-10-15 12:27:54,427:qiskit_nature_cp2k.cp2k_integration:INFO: multiplicity = 1
2024-10-15 12:27:54,427:qiskit_nature_cp2k.cp2k_integration:INFO: @CLIENT: Message from server: b'STATUS      '
2024-10-15 12:27:54,427:qiskit_nature_cp2k.cp2k_integration:INFO: @CLIENT: Message from server: b'ONEBODY     '
2024-10-15 12:27:54,427:qiskit_nature_cp2k.cp2k_integration:INFO: e_inactive = -241.3590029793702
2024-10-15 12:27:54,427:qiskit_nature_cp2k.cp2k_integration:INFO: h1_a = 
[[-0.038285 -0.000028 -0.000143 -0.000007 -0.000031]
 [-0.000028 -0.083817 -0.000155 -0.000948 -0.000083]
 [-0.000143 -0.000155 -0.083416 -0.000104  0.000758]
 [-0.000007 -0.000948 -0.000104 -0.063253  0.000428]
 [-0.000031 -0.000083  0.000758  0.000428 -0.060955]]
2024-10-15 12:27:54,428:qiskit_nature_cp2k.cp2k_integration:INFO: 

 ------------------  SOLVE  -----------------

2024-10-15 12:27:54,428:qiskit_nature_cp2k.cp2k_integration:INFO: 5
2024-10-15 12:27:54,428:qiskit_nature_cp2k.cp2k_integration:INFO: (np.int32(1), np.int32(1))
2024-10-15 12:27:54,428:qiskit_nature_cp2k.cp2k_integration:INFO: [1. 0. 0. 0. 0.]
2024-10-15 12:27:54,428:qiskit_nature_cp2k.cp2k_integration:INFO: [1. 0. 0. 0. 0.]
2024-10-15 12:28:09,797:qiskit_nature_cp2k.cp2k_integration:INFO: Active space result: 

=== GROUND STATE ENERGY ===
 
* Electronic ground state energy (Hartree): -0.117974924028
  - computed part:      -0.117974924028
~ Nuclear repulsion energy (Hartree): -241.35900297937
> Total ground state energy (Hartree): -241.476977903399
 
=== MEASURED OBSERVABLES ===
 
  0:  # Particles: 2.000 S: 1.000 S^2: 2.000 M: 0.867

2024-10-15 12:28:09,799:qiskit_nature_cp2k.cp2k_integration:INFO: Active space density: 

array([[ 0.000038,  0.002629,  0.005114,  0.000111, -0.000178],
       [ 0.002629,  0.997752, -0.000067,  0.046048,  0.001667],
       [ 0.005114, -0.000067,  0.998517,  0.002488, -0.036551],
       [ 0.000111,  0.046048,  0.002488,  0.002239, -0.000013],
       [-0.000178,  0.001667, -0.036551, -0.000013,  0.001453]])

2024-10-15 12:28:09,801:qiskit_nature_cp2k.cp2k_integration:INFO: @CLIENT: Message from server: b'GETDENSITY  '
2024-10-15 12:28:11,460:qiskit_nature_cp2k.cp2k_integration:INFO: @CLIENT: Message from server: b'STATUS      '
2024-10-15 12:28:11,460:qiskit_nature_cp2k.cp2k_integration:INFO: @CLIENT: Message from server: b'ONEBODY     '
2024-10-15 12:28:11,460:qiskit_nature_cp2k.cp2k_integration:INFO: e_inactive = -241.3331079030909
2024-10-15 12:28:11,460:qiskit_nature_cp2k.cp2k_integration:INFO: h1_a = 
[[-0.0881   -0.000272  0.000001  0.00008   0.000736]
 [-0.000272 -0.060999 -0.000462  0.000646 -0.000008]
 [ 0.000001 -0.000462 -0.060303 -0.000047 -0.000579]
 [ 0.00008   0.000646 -0.000047 -0.062735 -0.000158]
 [ 0.000736 -0.000008 -0.000579 -0.000158 -0.063537]]
2024-10-15 12:28:11,461:qiskit_nature_cp2k.cp2k_integration:INFO: 

 ------------------  SOLVE  -----------------

2024-10-15 12:28:11,461:qiskit_nature_cp2k.cp2k_integration:INFO: 5
2024-10-15 12:28:11,461:qiskit_nature_cp2k.cp2k_integration:INFO: (np.int32(1), np.int32(1))
2024-10-15 12:28:11,461:qiskit_nature_cp2k.cp2k_integration:INFO: [1. 0. 0. 0. 0.]
2024-10-15 12:28:11,461:qiskit_nature_cp2k.cp2k_integration:INFO: [1. 0. 0. 0. 0.]
2024-10-15 12:28:17,894:qiskit_nature_cp2k.cp2k_integration:INFO: Active space result: 

=== GROUND STATE ENERGY ===
 
* Electronic ground state energy (Hartree): -0.12147204349
  - computed part:      -0.12147204349
~ Nuclear repulsion energy (Hartree): -241.333107903091
> Total ground state energy (Hartree): -241.454579946581
 
=== MEASURED OBSERVABLES ===
 
  0:  # Particles: 2.000 S: 0.000 S^2: 0.000 M: 0.000

2024-10-15 12:28:17,895:qiskit_nature_cp2k.cp2k_integration:INFO: Active space density: 

array([[ 1.972536,  0.019677, -0.016794, -0.00668 , -0.048871],
       [ 0.019677,  0.001901, -0.000075, -0.000414, -0.0007  ],
       [-0.016794, -0.000075,  0.001669,  0.00023 ,  0.001569],
       [-0.00668 , -0.000414,  0.00023 ,  0.001016,  0.002999],
       [-0.048871, -0.0007  ,  0.001569,  0.002999,  0.022878]])

2024-10-15 12:28:17,896:qiskit_nature_cp2k.cp2k_integration:INFO: @CLIENT: Message from server: b'GETDENSITY  '
2024-10-15 12:28:19,603:qiskit_nature_cp2k.cp2k_integration:INFO: @CLIENT: Message from server: b'STATUS      '
2024-10-15 12:28:19,604:qiskit_nature_cp2k.cp2k_integration:INFO: @CLIENT: Message from server: b'ONEBODY     '
2024-10-15 12:28:19,604:qiskit_nature_cp2k.cp2k_integration:INFO: e_inactive = -241.35817516304996
2024-10-15 12:28:19,604:qiskit_nature_cp2k.cp2k_integration:INFO: h1_a = 
[[-0.036961  0.000062 -0.000482 -0.000074 -0.00056 ]
 [ 0.000062 -0.086507 -0.000535 -0.000596 -0.000082]
 [-0.000482 -0.000535 -0.085632 -0.000086  0.000406]
 [-0.000074 -0.000596 -0.000086 -0.062982  0.000328]
 [-0.00056  -0.000082  0.000406  0.000328 -0.059703]]
2024-10-15 12:28:19,605:qiskit_nature_cp2k.cp2k_integration:INFO: 

 ------------------  SOLVE  -----------------

2024-10-15 12:28:19,605:qiskit_nature_cp2k.cp2k_integration:INFO: 5
2024-10-15 12:28:19,605:qiskit_nature_cp2k.cp2k_integration:INFO: (np.int32(1), np.int32(1))
2024-10-15 12:28:19,605:qiskit_nature_cp2k.cp2k_integration:INFO: [1. 0. 0. 0. 0.]
2024-10-15 12:28:19,605:qiskit_nature_cp2k.cp2k_integration:INFO: [1. 0. 0. 0. 0.]
2024-10-15 12:28:31,108:qiskit_nature_cp2k.cp2k_integration:INFO: Active space result: 

=== GROUND STATE ENERGY ===
 
* Electronic ground state energy (Hartree): -0.122834283968
  - computed part:      -0.122834283968
~ Nuclear repulsion energy (Hartree): -241.35817516305
> Total ground state energy (Hartree): -241.481009447018
 
=== MEASURED OBSERVABLES ===
 
  0:  # Particles: 2.000 S: 1.000 S^2: 2.000 M: -0.060

2024-10-15 12:28:31,108:qiskit_nature_cp2k.cp2k_integration:INFO: Active space density: 

array([[ 0.000137,  0.000454,  0.011499,  0.000003, -0.000206],
       [ 0.000454,  0.999259,  0.000009,  0.025508,  0.002071],
       [ 0.011499,  0.000009,  0.99945 ,  0.000936, -0.018217],
       [ 0.000003,  0.025508,  0.000936,  0.000732,  0.000037],
       [-0.000206,  0.002071, -0.018217,  0.000037,  0.000421]])

2024-10-15 12:28:31,109:qiskit_nature_cp2k.cp2k_integration:INFO: @CLIENT: Message from server: b'GETDENSITY  '
2024-10-15 12:28:32,840:qiskit_nature_cp2k.cp2k_integration:INFO: @CLIENT: Message from server: b'STATUS      '
2024-10-15 12:28:32,841:qiskit_nature_cp2k.cp2k_integration:INFO: @CLIENT: Message from server: b'ONEBODY     '
2024-10-15 12:28:32,841:qiskit_nature_cp2k.cp2k_integration:INFO: e_inactive = -241.33311480546251
2024-10-15 12:28:32,841:qiskit_nature_cp2k.cp2k_integration:INFO: h1_a = 
[[-0.088096 -0.000328  0.000162  0.000079  0.000731]
 [-0.000328 -0.06096  -0.00046   0.000137 -0.000001]
 [ 0.000162 -0.00046  -0.060278 -0.000084 -0.000127]
 [ 0.000079  0.000137 -0.000084 -0.062772 -0.000156]
 [ 0.000731 -0.000001 -0.000127 -0.000156 -0.063565]]
2024-10-15 12:28:32,841:qiskit_nature_cp2k.cp2k_integration:INFO: 

 ------------------  SOLVE  -----------------

2024-10-15 12:28:32,841:qiskit_nature_cp2k.cp2k_integration:INFO: 5
2024-10-15 12:28:32,841:qiskit_nature_cp2k.cp2k_integration:INFO: (np.int32(1), np.int32(1))
2024-10-15 12:28:32,842:qiskit_nature_cp2k.cp2k_integration:INFO: [1. 0. 0. 0. 0.]
2024-10-15 12:28:32,842:qiskit_nature_cp2k.cp2k_integration:INFO: [1. 0. 0. 0. 0.]
2024-10-15 12:28:39,348:qiskit_nature_cp2k.cp2k_integration:INFO: Active space result: 

=== GROUND STATE ENERGY ===
 
* Electronic ground state energy (Hartree): -0.121472063446
  - computed part:      -0.121472063446
~ Nuclear repulsion energy (Hartree): -241.333114805463
> Total ground state energy (Hartree): -241.454586868908
 
=== MEASURED OBSERVABLES ===
 
  0:  # Particles: 2.000 S: 0.000 S^2: 0.000 M: 0.000

2024-10-15 12:28:39,349:qiskit_nature_cp2k.cp2k_integration:INFO: Active space density: 

array([[ 1.972226,  0.023508, -0.027425, -0.00621 , -0.048272],
       [ 0.023508,  0.001977, -0.000232, -0.000373, -0.000758],
       [-0.027425, -0.000232,  0.001876,  0.000226,  0.001512],
       [-0.00621 , -0.000373,  0.000226,  0.001003,  0.002992],
       [-0.048272, -0.000758,  0.001512,  0.002992,  0.022918]])

2024-10-15 12:28:39,350:qiskit_nature_cp2k.cp2k_integration:INFO: @CLIENT: Message from server: b'GETDENSITY  '
2024-10-15 12:28:41,027:qiskit_nature_cp2k.cp2k_integration:INFO: @CLIENT: Message from server: b'STATUS      '
2024-10-15 12:28:41,027:qiskit_nature_cp2k.cp2k_integration:INFO: @CLIENT: Message from server: b'ONEBODY     '
2024-10-15 12:28:41,027:qiskit_nature_cp2k.cp2k_integration:INFO: e_inactive = -241.35817321013013
2024-10-15 12:28:41,027:qiskit_nature_cp2k.cp2k_integration:INFO: h1_a = 
[[-0.036969  0.000161 -0.000755 -0.000063 -0.000543]
 [ 0.000161 -0.086503 -0.000539 -0.000595 -0.000084]
 [-0.000755 -0.000539 -0.085628 -0.000087  0.000404]
 [-0.000063 -0.000595 -0.000087 -0.062983  0.000328]
 [-0.000543 -0.000084  0.000404  0.000328 -0.059699]]
2024-10-15 12:28:41,028:qiskit_nature_cp2k.cp2k_integration:INFO: 

 ------------------  SOLVE  -----------------

2024-10-15 12:28:41,028:qiskit_nature_cp2k.cp2k_integration:INFO: 5
2024-10-15 12:28:41,028:qiskit_nature_cp2k.cp2k_integration:INFO: (np.int32(1), np.int32(1))
2024-10-15 12:28:41,028:qiskit_nature_cp2k.cp2k_integration:INFO: [1. 0. 0. 0. 0.]
2024-10-15 12:28:41,028:qiskit_nature_cp2k.cp2k_integration:INFO: [1. 0. 0. 0. 0.]
2024-10-15 12:28:52,035:qiskit_nature_cp2k.cp2k_integration:INFO: Active space result: 

=== GROUND STATE ENERGY ===
 
* Electronic ground state energy (Hartree): -0.122834639478
  - computed part:      -0.122834639478
~ Nuclear repulsion energy (Hartree): -241.35817321013
> Total ground state energy (Hartree): -241.481007849608
 
=== MEASURED OBSERVABLES ===
 
  0:  # Particles: 2.000 S: 1.000 S^2: 2.000 M: 0.757

2024-10-15 12:28:52,036:qiskit_nature_cp2k.cp2k_integration:INFO: Active space density: 

array([[ 0.0003  , -0.001585,  0.017091, -0.000043, -0.000308],
       [-0.001585,  0.999259,  0.00004 ,  0.025481,  0.002089],
       [ 0.017091,  0.00004 ,  0.9993  ,  0.000968, -0.017969],
       [-0.000043,  0.025481,  0.000968,  0.00073 ,  0.000037],
       [-0.000308,  0.002089, -0.017969,  0.000037,  0.000411]])

2024-10-15 12:28:52,037:qiskit_nature_cp2k.cp2k_integration:INFO: @CLIENT: Message from server: b'GETDENSITY  '
2024-10-15 12:28:53,844:qiskit_nature_cp2k.cp2k_integration:INFO: @CLIENT: Message from server: b'STATUS      '
2024-10-15 12:28:53,845:qiskit_nature_cp2k.cp2k_integration:INFO: @CLIENT: Message from server: b'ONEBODY     '
2024-10-15 12:28:53,845:qiskit_nature_cp2k.cp2k_integration:INFO: e_inactive = -241.3331145910944
2024-10-15 12:28:53,845:qiskit_nature_cp2k.cp2k_integration:INFO: h1_a = 
[[-0.088092 -0.000381  0.000305  0.000078  0.000727]
 [-0.000381 -0.060961 -0.00046   0.000136  0.      ]
 [ 0.000305 -0.00046  -0.060281 -0.000083 -0.000121]
 [ 0.000078  0.000136 -0.000083 -0.062772 -0.000157]
 [ 0.000727  0.       -0.000121 -0.000157 -0.063567]]
2024-10-15 12:28:53,845:qiskit_nature_cp2k.cp2k_integration:INFO: 

 ------------------  SOLVE  -----------------

2024-10-15 12:28:53,845:qiskit_nature_cp2k.cp2k_integration:INFO: 5
2024-10-15 12:28:53,845:qiskit_nature_cp2k.cp2k_integration:INFO: (np.int32(1), np.int32(1))
2024-10-15 12:28:53,846:qiskit_nature_cp2k.cp2k_integration:INFO: [1. 0. 0. 0. 0.]
2024-10-15 12:28:53,846:qiskit_nature_cp2k.cp2k_integration:INFO: [1. 0. 0. 0. 0.]
2024-10-15 12:28:59,862:qiskit_nature_cp2k.cp2k_integration:INFO: Active space result: 

=== GROUND STATE ENERGY ===
 
* Electronic ground state energy (Hartree): -0.121475354251
  - computed part:      -0.121475354251
~ Nuclear repulsion energy (Hartree): -241.333114591094
> Total ground state energy (Hartree): -241.454589945345
 
=== MEASURED OBSERVABLES ===
 
  0:  # Particles: 2.000 S: 0.000 S^2: 0.000 M: 0.000

2024-10-15 12:28:59,863:qiskit_nature_cp2k.cp2k_integration:INFO: Active space density: 

array([[ 1.971735,  0.027177, -0.03761 , -0.006124, -0.048069],
       [ 0.027177,  0.002081, -0.000425, -0.000384, -0.000846],
       [-0.03761 , -0.000425,  0.002209,  0.000255,  0.001757],
       [-0.006124, -0.000384,  0.000255,  0.001003,  0.002998],
       [-0.048069, -0.000846,  0.001757,  0.002998,  0.022972]])

2024-10-15 12:28:59,864:qiskit_nature_cp2k.cp2k_integration:INFO: @CLIENT: Message from server: b'GETDENSITY  '
2024-10-15 12:29:01,718:qiskit_nature_cp2k.cp2k_integration:INFO: @CLIENT: Message from server: b'STATUS      '
2024-10-15 12:29:01,718:qiskit_nature_cp2k.cp2k_integration:INFO: @CLIENT: Message from server: b'ONEBODY     '
2024-10-15 12:29:01,718:qiskit_nature_cp2k.cp2k_integration:INFO: e_inactive = -241.35816877785751
2024-10-15 12:29:01,718:qiskit_nature_cp2k.cp2k_integration:INFO: h1_a = 
[[-0.036982  0.000255 -0.001017 -0.000061 -0.000536]
 [ 0.000255 -0.0865   -0.000544 -0.000595 -0.000086]
 [-0.001017 -0.000544 -0.08562  -0.000086  0.00041 ]
 [-0.000061 -0.000595 -0.000086 -0.062982  0.000329]
 [-0.000536 -0.000086  0.00041   0.000329 -0.059696]]
2024-10-15 12:29:01,719:qiskit_nature_cp2k.cp2k_integration:INFO: 

 ------------------  SOLVE  -----------------

2024-10-15 12:29:01,719:qiskit_nature_cp2k.cp2k_integration:INFO: 5
2024-10-15 12:29:01,719:qiskit_nature_cp2k.cp2k_integration:INFO: (np.int32(1), np.int32(1))
2024-10-15 12:29:01,719:qiskit_nature_cp2k.cp2k_integration:INFO: [1. 0. 0. 0. 0.]
2024-10-15 12:29:01,719:qiskit_nature_cp2k.cp2k_integration:INFO: [1. 0. 0. 0. 0.]
2024-10-15 12:29:14,541:qiskit_nature_cp2k.cp2k_integration:INFO: Active space result: 

=== GROUND STATE ENERGY ===
 
* Electronic ground state energy (Hartree): -0.122834329231
  - computed part:      -0.122834329231
~ Nuclear repulsion energy (Hartree): -241.358168777858
> Total ground state energy (Hartree): -241.481003107088
 
=== MEASURED OBSERVABLES ===
 
  0:  # Particles: 2.000 S: 1.000 S^2: 2.000 M: 0.451

2024-10-15 12:29:14,541:qiskit_nature_cp2k.cp2k_integration:INFO: Active space density: 

array([[ 0.000521, -0.003529,  0.02244 , -0.000088, -0.00041 ],
       [-0.003529,  0.99925 ,  0.000093,  0.025495,  0.002146],
       [ 0.02244 ,  0.000093,  0.999087,  0.000965, -0.018018],
       [-0.000088,  0.025495,  0.000965,  0.00073 ,  0.000038],
       [-0.00041 ,  0.002146, -0.018018,  0.000038,  0.000412]])

2024-10-15 12:29:14,542:qiskit_nature_cp2k.cp2k_integration:INFO: @CLIENT: Message from server: b'GETDENSITY  '
2024-10-15 12:29:16,293:qiskit_nature_cp2k.cp2k_integration:INFO: @CLIENT: Message from server: b'STATUS      '
2024-10-15 12:29:16,293:qiskit_nature_cp2k.cp2k_integration:INFO: @CLIENT: Message from server: b'ONEBODY     '
2024-10-15 12:29:16,293:qiskit_nature_cp2k.cp2k_integration:INFO: e_inactive = -241.3331143641055
2024-10-15 12:29:16,294:qiskit_nature_cp2k.cp2k_integration:INFO: h1_a = 
[[-0.088086 -0.000431  0.000443  0.000077  0.000724]
 [-0.000431 -0.060961 -0.000459  0.000136  0.000002]
 [ 0.000443 -0.000459 -0.060286 -0.000083 -0.000122]
 [ 0.000077  0.000136 -0.000083 -0.062772 -0.000157]
 [ 0.000724  0.000002 -0.000122 -0.000157 -0.063568]]
2024-10-15 12:29:16,294:qiskit_nature_cp2k.cp2k_integration:INFO: 

 ------------------  SOLVE  -----------------

2024-10-15 12:29:16,294:qiskit_nature_cp2k.cp2k_integration:INFO: 5
2024-10-15 12:29:16,294:qiskit_nature_cp2k.cp2k_integration:INFO: (np.int32(1), np.int32(1))
2024-10-15 12:29:16,294:qiskit_nature_cp2k.cp2k_integration:INFO: [1. 0. 0. 0. 0.]
2024-10-15 12:29:16,294:qiskit_nature_cp2k.cp2k_integration:INFO: [1. 0. 0. 0. 0.]
2024-10-15 12:29:23,534:qiskit_nature_cp2k.cp2k_integration:INFO: Active space result: 

=== GROUND STATE ENERGY ===
 
* Electronic ground state energy (Hartree): -0.121478238833
  - computed part:      -0.121478238833
~ Nuclear repulsion energy (Hartree): -241.333114364106
> Total ground state energy (Hartree): -241.454592602938
 
=== MEASURED OBSERVABLES ===
 
  0:  # Particles: 2.000 S: 0.000 S^2: 0.000 M: 0.000

2024-10-15 12:29:23,535:qiskit_nature_cp2k.cp2k_integration:INFO: Active space density: 

array([[ 1.971154,  0.030672, -0.047367, -0.006042, -0.047881],
       [ 0.030672,  0.002193, -0.000644, -0.000395, -0.000929],
       [-0.047367, -0.000644,  0.002628,  0.000283,  0.001996],
       [-0.006042, -0.000395,  0.000283,  0.001002,  0.003003],
       [-0.047881, -0.000929,  0.001996,  0.003003,  0.023023]])

2024-10-15 12:29:23,537:qiskit_nature_cp2k.cp2k_integration:INFO: @CLIENT: Message from server: b'GETDENSITY  '
2024-10-15 12:29:25,453:qiskit_nature_cp2k.cp2k_integration:INFO: @CLIENT: Message from server: b'STATUS      '
2024-10-15 12:29:25,453:qiskit_nature_cp2k.cp2k_integration:INFO: @CLIENT: Message from server: b'ONEBODY     '
2024-10-15 12:29:25,453:qiskit_nature_cp2k.cp2k_integration:INFO: e_inactive = -241.35816452547996
2024-10-15 12:29:25,453:qiskit_nature_cp2k.cp2k_integration:INFO: h1_a = 
[[-0.036997  0.000345 -0.001267 -0.000059 -0.00053 ]
 [ 0.000345 -0.086496 -0.000549 -0.000596 -0.000089]
 [-0.001267 -0.000549 -0.08561  -0.000085  0.000415]
 [-0.000059 -0.000596 -0.000085 -0.062982  0.00033 ]
 [-0.00053  -0.000089  0.000415  0.00033  -0.059692]]
2024-10-15 12:29:25,454:qiskit_nature_cp2k.cp2k_integration:INFO: 

 ------------------  SOLVE  -----------------

2024-10-15 12:29:25,454:qiskit_nature_cp2k.cp2k_integration:INFO: 5
2024-10-15 12:29:25,454:qiskit_nature_cp2k.cp2k_integration:INFO: (np.int32(1), np.int32(1))
2024-10-15 12:29:25,454:qiskit_nature_cp2k.cp2k_integration:INFO: [1. 0. 0. 0. 0.]
2024-10-15 12:29:25,454:qiskit_nature_cp2k.cp2k_integration:INFO: [1. 0. 0. 0. 0.]
2024-10-15 12:29:39,705:qiskit_nature_cp2k.cp2k_integration:INFO: Active space result: 

=== GROUND STATE ENERGY ===
 
* Electronic ground state energy (Hartree): -0.12283417219
  - computed part:      -0.12283417219
~ Nuclear repulsion energy (Hartree): -241.35816452548
> Total ground state energy (Hartree): -241.480998697669
 
=== MEASURED OBSERVABLES ===
 
  0:  # Particles: 2.000 S: 1.000 S^2: 2.000 M: 0.435

2024-10-15 12:29:39,706:qiskit_nature_cp2k.cp2k_integration:INFO: Active space density: 

array([[ 0.000795, -0.005382,  0.027564, -0.00013 , -0.000509],
       [-0.005382,  0.999233,  0.000164,  0.025506,  0.002202],
       [ 0.027564,  0.000164,  0.99883 ,  0.000962, -0.018069],
       [-0.00013 ,  0.025506,  0.000962,  0.000729,  0.000039],
       [-0.000509,  0.002202, -0.018069,  0.000039,  0.000414]])

2024-10-15 12:29:39,707:qiskit_nature_cp2k.cp2k_integration:INFO: @CLIENT: Message from server: b'GETDENSITY  '
2024-10-15 12:29:41,488:qiskit_nature_cp2k.cp2k_integration:INFO: @CLIENT: Message from server: b'STATUS      '
2024-10-15 12:29:41,488:qiskit_nature_cp2k.cp2k_integration:INFO: @CLIENT: Message from server: b'ONEBODY     '
2024-10-15 12:29:41,488:qiskit_nature_cp2k.cp2k_integration:INFO: e_inactive = -241.3331141639
2024-10-15 12:29:41,488:qiskit_nature_cp2k.cp2k_integration:INFO: h1_a = 
[[-0.088079 -0.000478  0.000574  0.000076  0.000721]
 [-0.000478 -0.060962 -0.000457  0.000136  0.000003]
 [ 0.000574 -0.000457 -0.060292 -0.000083 -0.000123]
 [ 0.000076  0.000136 -0.000083 -0.062772 -0.000157]
 [ 0.000721  0.000003 -0.000123 -0.000157 -0.063569]]
2024-10-15 12:29:41,489:qiskit_nature_cp2k.cp2k_integration:INFO: 

 ------------------  SOLVE  -----------------

2024-10-15 12:29:41,489:qiskit_nature_cp2k.cp2k_integration:INFO: 5
2024-10-15 12:29:41,489:qiskit_nature_cp2k.cp2k_integration:INFO: (np.int32(1), np.int32(1))
2024-10-15 12:29:41,489:qiskit_nature_cp2k.cp2k_integration:INFO: [1. 0. 0. 0. 0.]
2024-10-15 12:29:41,489:qiskit_nature_cp2k.cp2k_integration:INFO: [1. 0. 0. 0. 0.]
2024-10-15 12:29:48,608:qiskit_nature_cp2k.cp2k_integration:INFO: Active space result: 

=== GROUND STATE ENERGY ===
 
* Electronic ground state energy (Hartree): -0.121480728927
  - computed part:      -0.121480728927
~ Nuclear repulsion energy (Hartree): -241.3331141639
> Total ground state energy (Hartree): -241.454594892827
 
=== MEASURED OBSERVABLES ===
 
  0:  # Particles: 2.000 S: 0.000 S^2: 0.000 M: 0.000

2024-10-15 12:29:48,609:qiskit_nature_cp2k.cp2k_integration:INFO: Active space density: 

array([[ 1.970497,  0.033998, -0.056714, -0.005964, -0.047699],
       [ 0.033998,  0.002312, -0.000887, -0.000405, -0.001009],
       [-0.056714, -0.000887,  0.003119,  0.00031 ,  0.002222],
       [-0.005964, -0.000405,  0.00031 ,  0.001002,  0.003009],
       [-0.047699, -0.001009,  0.002222,  0.003009,  0.02307 ]])

2024-10-15 12:29:48,610:qiskit_nature_cp2k.cp2k_integration:INFO: @CLIENT: Message from server: b'GETDENSITY  '
2024-10-15 12:29:50,413:qiskit_nature_cp2k.cp2k_integration:INFO: @CLIENT: Message from server: b'STATUS      '
2024-10-15 12:29:50,414:qiskit_nature_cp2k.cp2k_integration:INFO: @CLIENT: Message from server: b'ONEBODY     '
2024-10-15 12:29:50,414:qiskit_nature_cp2k.cp2k_integration:INFO: e_inactive = -241.35816046928727
2024-10-15 12:29:50,414:qiskit_nature_cp2k.cp2k_integration:INFO: h1_a = 
[[-0.037014  0.000431 -0.001507 -0.000057 -0.000525]
 [ 0.000431 -0.086492 -0.000555 -0.000596 -0.000091]
 [-0.001507 -0.000555 -0.085599 -0.000085  0.00042 ]
 [-0.000057 -0.000596 -0.000085 -0.062982  0.00033 ]
 [-0.000525 -0.000091  0.00042   0.00033  -0.059689]]
2024-10-15 12:29:50,414:qiskit_nature_cp2k.cp2k_integration:INFO: 

 ------------------  SOLVE  -----------------

2024-10-15 12:29:50,414:qiskit_nature_cp2k.cp2k_integration:INFO: 5
2024-10-15 12:29:50,414:qiskit_nature_cp2k.cp2k_integration:INFO: (np.int32(1), np.int32(1))
2024-10-15 12:29:50,414:qiskit_nature_cp2k.cp2k_integration:INFO: [1. 0. 0. 0. 0.]
2024-10-15 12:29:50,415:qiskit_nature_cp2k.cp2k_integration:INFO: [1. 0. 0. 0. 0.]
2024-10-15 12:30:02,755:qiskit_nature_cp2k.cp2k_integration:INFO: Active space result: 

=== GROUND STATE ENERGY ===
 
* Electronic ground state energy (Hartree): -0.122834156337
  - computed part:      -0.122834156337
~ Nuclear repulsion energy (Hartree): -241.358160469287
> Total ground state energy (Hartree): -241.480994625625
 
=== MEASURED OBSERVABLES ===
 
  0:  # Particles: 2.000 S: 1.000 S^2: 2.000 M: 0.560

2024-10-15 12:30:02,756:qiskit_nature_cp2k.cp2k_integration:INFO: Active space density: 

array([[ 0.001112, -0.007147,  0.032473, -0.000171, -0.000604],
       [-0.007147,  0.999211,  0.000249,  0.025516,  0.002256],
       [ 0.032473,  0.000249,  0.998533,  0.000959, -0.018119],
       [-0.000171,  0.025516,  0.000959,  0.000729,  0.000041],
       [-0.000604,  0.002256, -0.018119,  0.000041,  0.000415]])

2024-10-15 12:30:02,757:qiskit_nature_cp2k.cp2k_integration:INFO: @CLIENT: Message from server: b'GETDENSITY  '
2024-10-15 12:30:04,537:qiskit_nature_cp2k.cp2k_integration:INFO: @CLIENT: Message from server: b'STATUS      '
2024-10-15 12:30:04,538:qiskit_nature_cp2k.cp2k_integration:INFO: @CLIENT: Message from server: b'ONEBODY     '
2024-10-15 12:30:04,538:qiskit_nature_cp2k.cp2k_integration:INFO: e_inactive = -241.33311398864646
2024-10-15 12:30:04,538:qiskit_nature_cp2k.cp2k_integration:INFO: h1_a = 
[[-0.08807  -0.000524  0.0007    0.000075  0.000718]
 [-0.000524 -0.060964 -0.000455  0.000137  0.000005]
 [ 0.0007   -0.000455 -0.060299 -0.000083 -0.000124]
 [ 0.000075  0.000137 -0.000083 -0.062773 -0.000158]
 [ 0.000718  0.000005 -0.000124 -0.000158 -0.06357 ]]
2024-10-15 12:30:04,538:qiskit_nature_cp2k.cp2k_integration:INFO: 

 ------------------  SOLVE  -----------------

2024-10-15 12:30:04,539:qiskit_nature_cp2k.cp2k_integration:INFO: 5
2024-10-15 12:30:04,539:qiskit_nature_cp2k.cp2k_integration:INFO: (np.int32(1), np.int32(1))
2024-10-15 12:30:04,539:qiskit_nature_cp2k.cp2k_integration:INFO: [1. 0. 0. 0. 0.]
2024-10-15 12:30:04,539:qiskit_nature_cp2k.cp2k_integration:INFO: [1. 0. 0. 0. 0.]
2024-10-15 12:30:11,173:qiskit_nature_cp2k.cp2k_integration:INFO: Active space result: 

=== GROUND STATE ENERGY ===
 
* Electronic ground state energy (Hartree): -0.121482861355
  - computed part:      -0.121482861355
~ Nuclear repulsion energy (Hartree): -241.333113988646
> Total ground state energy (Hartree): -241.454596850001
 
=== MEASURED OBSERVABLES ===
 
  0:  # Particles: 2.000 S: 0.000 S^2: 0.000 M: 0.000

2024-10-15 12:30:11,174:qiskit_nature_cp2k.cp2k_integration:INFO: Active space density: 

array([[ 1.969775,  0.037161, -0.065667, -0.005889, -0.047521],
       [ 0.037161,  0.002435, -0.001148, -0.000414, -0.001084],
       [-0.065667, -0.001148,  0.003674,  0.000334,  0.002438],
       [-0.005889, -0.000414,  0.000334,  0.001002,  0.003014],
       [-0.047521, -0.001084,  0.002438,  0.003014,  0.023114]])

2024-10-15 12:30:11,175:qiskit_nature_cp2k.cp2k_integration:INFO: @CLIENT: Message from server: b'GETDENSITY  '
2024-10-15 12:30:12,849:qiskit_nature_cp2k.cp2k_integration:INFO: @CLIENT: Message from server: b'STATUS      '
2024-10-15 12:30:12,849:qiskit_nature_cp2k.cp2k_integration:INFO: @CLIENT: Message from server: b'ONEBODY     '
2024-10-15 12:30:12,849:qiskit_nature_cp2k.cp2k_integration:INFO: e_inactive = -241.35815660063636
2024-10-15 12:30:12,849:qiskit_nature_cp2k.cp2k_integration:INFO: h1_a = 
[[-0.037033  0.000512 -0.001737 -0.000055 -0.000519]
 [ 0.000512 -0.086487 -0.000561 -0.000596 -0.000094]
 [-0.001737 -0.000561 -0.085585 -0.000084  0.000425]
 [-0.000055 -0.000596 -0.000084 -0.062982  0.000331]
 [-0.000519 -0.000094  0.000425  0.000331 -0.059687]]
2024-10-15 12:30:12,850:qiskit_nature_cp2k.cp2k_integration:INFO: 

 ------------------  SOLVE  -----------------

2024-10-15 12:30:12,850:qiskit_nature_cp2k.cp2k_integration:INFO: 5
2024-10-15 12:30:12,850:qiskit_nature_cp2k.cp2k_integration:INFO: (np.int32(1), np.int32(1))
2024-10-15 12:30:12,850:qiskit_nature_cp2k.cp2k_integration:INFO: [1. 0. 0. 0. 0.]
2024-10-15 12:30:12,850:qiskit_nature_cp2k.cp2k_integration:INFO: [1. 0. 0. 0. 0.]
2024-10-15 12:30:25,354:qiskit_nature_cp2k.cp2k_integration:INFO: Active space result: 

=== GROUND STATE ENERGY ===
 
* Electronic ground state energy (Hartree): -0.122834265825
  - computed part:      -0.122834265825
~ Nuclear repulsion energy (Hartree): -241.358156600636
> Total ground state energy (Hartree): -241.480990866461
 
=== MEASURED OBSERVABLES ===
 
  0:  # Particles: 2.000 S: 1.000 S^2: 2.000 M: -0.001

2024-10-15 12:30:25,355:qiskit_nature_cp2k.cp2k_integration:INFO: Active space density: 

array([[ 0.001467, -0.008826,  0.037173, -0.000209, -0.000696],
       [-0.008826,  0.999184,  0.000347,  0.025523,  0.002308],
       [ 0.037173,  0.000347,  0.998204,  0.000956, -0.018166],
       [-0.000209,  0.025523,  0.000956,  0.000728,  0.000042],
       [-0.000696,  0.002308, -0.018166,  0.000042,  0.000416]])

2024-10-15 12:30:25,356:qiskit_nature_cp2k.cp2k_integration:INFO: @CLIENT: Message from server: b'GETDENSITY  '
2024-10-15 12:30:27,101:qiskit_nature_cp2k.cp2k_integration:INFO: @CLIENT: Message from server: b'STATUS      '
2024-10-15 12:30:27,101:qiskit_nature_cp2k.cp2k_integration:INFO: @CLIENT: Message from server: b'ONEBODY     '
2024-10-15 12:30:27,101:qiskit_nature_cp2k.cp2k_integration:INFO: e_inactive = -241.33311383609083
2024-10-15 12:30:27,101:qiskit_nature_cp2k.cp2k_integration:INFO: h1_a = 
[[-0.088061 -0.000567  0.000821  0.000074  0.000715]
 [-0.000567 -0.060965 -0.000452  0.000137  0.000006]
 [ 0.000821 -0.000452 -0.060307 -0.000084 -0.000125]
 [ 0.000074  0.000137 -0.000084 -0.062773 -0.000158]
 [ 0.000715  0.000006 -0.000125 -0.000158 -0.063571]]
2024-10-15 12:30:27,102:qiskit_nature_cp2k.cp2k_integration:INFO: 

 ------------------  SOLVE  -----------------

2024-10-15 12:30:27,102:qiskit_nature_cp2k.cp2k_integration:INFO: 5
2024-10-15 12:30:27,102:qiskit_nature_cp2k.cp2k_integration:INFO: (np.int32(1), np.int32(1))
2024-10-15 12:30:27,102:qiskit_nature_cp2k.cp2k_integration:INFO: [1. 0. 0. 0. 0.]
2024-10-15 12:30:27,102:qiskit_nature_cp2k.cp2k_integration:INFO: [1. 0. 0. 0. 0.]
2024-10-15 12:30:33,634:qiskit_nature_cp2k.cp2k_integration:INFO: Active space result: 

=== GROUND STATE ENERGY ===
 
* Electronic ground state energy (Hartree): -0.12148467032
  - computed part:      -0.12148467032
~ Nuclear repulsion energy (Hartree): -241.333113836091
> Total ground state energy (Hartree): -241.454598506411
 
=== MEASURED OBSERVABLES ===
 
  0:  # Particles: 2.000 S: 0.000 S^2: 0.000 M: 0.000

2024-10-15 12:30:33,634:qiskit_nature_cp2k.cp2k_integration:INFO: Active space density: 

array([[ 1.969   ,  0.040168, -0.07424 , -0.005818, -0.047349],
       [ 0.040168,  0.002561, -0.001425, -0.000422, -0.001154],
       [-0.07424 , -0.001425,  0.004282,  0.000357,  0.002644],
       [-0.005818, -0.000422,  0.000357,  0.001002,  0.003018],
       [-0.047349, -0.001154,  0.002644,  0.003018,  0.023155]])

2024-10-15 12:30:33,635:qiskit_nature_cp2k.cp2k_integration:INFO: @CLIENT: Message from server: b'GETDENSITY  '
2024-10-15 12:30:35,385:qiskit_nature_cp2k.cp2k_integration:INFO: @CLIENT: Message from server: b'STATUS      '
2024-10-15 12:30:35,385:qiskit_nature_cp2k.cp2k_integration:INFO: @CLIENT: Message from server: b'ONEBODY     '
2024-10-15 12:30:35,385:qiskit_nature_cp2k.cp2k_integration:INFO: e_inactive = -241.35815291083918
2024-10-15 12:30:35,385:qiskit_nature_cp2k.cp2k_integration:INFO: h1_a = 
[[-0.037053  0.00059  -0.001958 -0.000053 -0.000514]
 [ 0.00059  -0.086483 -0.000568 -0.000596 -0.000096]
 [-0.001958 -0.000568 -0.085571 -0.000084  0.000429]
 [-0.000053 -0.000596 -0.000084 -0.062982  0.000332]
 [-0.000514 -0.000096  0.000429  0.000332 -0.059684]]
2024-10-15 12:30:35,386:qiskit_nature_cp2k.cp2k_integration:INFO: 

 ------------------  SOLVE  -----------------

2024-10-15 12:30:35,386:qiskit_nature_cp2k.cp2k_integration:INFO: 5
2024-10-15 12:30:35,386:qiskit_nature_cp2k.cp2k_integration:INFO: (np.int32(1), np.int32(1))
2024-10-15 12:30:35,386:qiskit_nature_cp2k.cp2k_integration:INFO: [1. 0. 0. 0. 0.]
2024-10-15 12:30:35,386:qiskit_nature_cp2k.cp2k_integration:INFO: [1. 0. 0. 0. 0.]
2024-10-15 12:30:47,329:qiskit_nature_cp2k.cp2k_integration:INFO: Active space result: 

=== GROUND STATE ENERGY ===
 
* Electronic ground state energy (Hartree): -0.122834486121
  - computed part:      -0.122834486121
~ Nuclear repulsion energy (Hartree): -241.358152910839
> Total ground state energy (Hartree): -241.48098739696
 
=== MEASURED OBSERVABLES ===
 
  0:  # Particles: 2.000 S: 1.000 S^2: 2.000 M: 0.514

2024-10-15 12:30:47,330:qiskit_nature_cp2k.cp2k_integration:INFO: Active space density: 

array([[ 0.001855, -0.010423,  0.041674, -0.000246, -0.000784],
       [-0.010423,  0.999154,  0.000454,  0.025529,  0.002358],
       [ 0.041674,  0.000454,  0.997847,  0.000953, -0.018211],
       [-0.000246,  0.025529,  0.000953,  0.000728,  0.000043],
       [-0.000784,  0.002358, -0.018211,  0.000043,  0.000417]])

2024-10-15 12:30:47,331:qiskit_nature_cp2k.cp2k_integration:INFO: @CLIENT: Message from server: b'GETDENSITY  '
2024-10-15 12:30:49,151:qiskit_nature_cp2k.cp2k_integration:INFO: @CLIENT: Message from server: b'STATUS      '
2024-10-15 12:30:49,151:qiskit_nature_cp2k.cp2k_integration:INFO: @CLIENT: Message from server: b'ONEBODY     '
2024-10-15 12:30:49,151:qiskit_nature_cp2k.cp2k_integration:INFO: e_inactive = -241.33311370415154
2024-10-15 12:30:49,151:qiskit_nature_cp2k.cp2k_integration:INFO: h1_a = 
[[-0.088051 -0.000608  0.000937  0.000073  0.000712]
 [-0.000608 -0.060966 -0.00045   0.000137  0.000008]
 [ 0.000937 -0.00045  -0.060316 -0.000084 -0.000125]
 [ 0.000073  0.000137 -0.000084 -0.062773 -0.000158]
 [ 0.000712  0.000008 -0.000125 -0.000158 -0.063572]]
2024-10-15 12:30:49,152:qiskit_nature_cp2k.cp2k_integration:INFO: 

 ------------------  SOLVE  -----------------

2024-10-15 12:30:49,152:qiskit_nature_cp2k.cp2k_integration:INFO: 5
2024-10-15 12:30:49,152:qiskit_nature_cp2k.cp2k_integration:INFO: (np.int32(1), np.int32(1))
2024-10-15 12:30:49,152:qiskit_nature_cp2k.cp2k_integration:INFO: [1. 0. 0. 0. 0.]
2024-10-15 12:30:49,152:qiskit_nature_cp2k.cp2k_integration:INFO: [1. 0. 0. 0. 0.]
2024-10-15 12:30:55,961:qiskit_nature_cp2k.cp2k_integration:INFO: Active space result: 

=== GROUND STATE ENERGY ===
 
* Electronic ground state energy (Hartree): -0.121486187252
  - computed part:      -0.121486187252
~ Nuclear repulsion energy (Hartree): -241.333113704152
> Total ground state energy (Hartree): -241.454599891404
 
=== MEASURED OBSERVABLES ===
 
  0:  # Particles: 2.000 S: 0.000 S^2: 0.000 M: 0.000

2024-10-15 12:30:55,962:qiskit_nature_cp2k.cp2k_integration:INFO: Active space density: 

array([[ 1.96818 ,  0.043024, -0.082449, -0.005751, -0.047182],
       [ 0.043024,  0.002691, -0.001714, -0.00043 , -0.001221],
       [-0.082449, -0.001714,  0.004935,  0.000378,  0.002839],
       [-0.005751, -0.00043 ,  0.000378,  0.001002,  0.003023],
       [-0.047182, -0.001221,  0.002839,  0.003023,  0.023193]])

2024-10-15 12:30:55,965:qiskit_nature_cp2k.cp2k_integration:INFO: @CLIENT: Message from server: b'GETDENSITY  '
2024-10-15 12:30:57,884:qiskit_nature_cp2k.cp2k_integration:INFO: @CLIENT: Message from server: b'STATUS      '
2024-10-15 12:30:57,884:qiskit_nature_cp2k.cp2k_integration:INFO: @CLIENT: Message from server: b'ONEBODY     '
2024-10-15 12:30:57,884:qiskit_nature_cp2k.cp2k_integration:INFO: e_inactive = -241.3581493915534
2024-10-15 12:30:57,885:qiskit_nature_cp2k.cp2k_integration:INFO: h1_a = 
[[-0.037074  0.000663 -0.002169 -0.000052 -0.000508]
 [ 0.000663 -0.086479 -0.000575 -0.000596 -0.000098]
 [-0.002169 -0.000575 -0.085555 -0.000083  0.000434]
 [-0.000052 -0.000596 -0.000083 -0.062982  0.000332]
 [-0.000508 -0.000098  0.000434  0.000332 -0.059682]]
2024-10-15 12:30:57,885:qiskit_nature_cp2k.cp2k_integration:INFO: 

 ------------------  SOLVE  -----------------

2024-10-15 12:30:57,885:qiskit_nature_cp2k.cp2k_integration:INFO: 5
2024-10-15 12:30:57,885:qiskit_nature_cp2k.cp2k_integration:INFO: (np.int32(1), np.int32(1))
2024-10-15 12:30:57,885:qiskit_nature_cp2k.cp2k_integration:INFO: [1. 0. 0. 0. 0.]
2024-10-15 12:30:57,885:qiskit_nature_cp2k.cp2k_integration:INFO: [1. 0. 0. 0. 0.]
2024-10-15 12:31:10,220:qiskit_nature_cp2k.cp2k_integration:INFO: Active space result: 

=== GROUND STATE ENERGY ===
 
* Electronic ground state energy (Hartree): -0.122834803983
  - computed part:      -0.122834803983
~ Nuclear repulsion energy (Hartree): -241.358149391553
> Total ground state energy (Hartree): -241.480984195537
 
=== MEASURED OBSERVABLES ===
 
  0:  # Particles: 2.000 S: 1.000 S^2: 2.000 M: -0.013

2024-10-15 12:31:10,220:qiskit_nature_cp2k.cp2k_integration:INFO: Active space density: 

array([[ 0.002268, -0.011941,  0.045983, -0.000281, -0.00087 ],
       [-0.011941,  0.99912 ,  0.000571,  0.025534,  0.002406],
       [ 0.045983,  0.000571,  0.997466,  0.00095 , -0.018254],
       [-0.000281,  0.025534,  0.00095 ,  0.000727,  0.000045],
       [-0.00087 ,  0.002406, -0.018254,  0.000045,  0.000418]])

2024-10-15 12:31:10,221:qiskit_nature_cp2k.cp2k_integration:INFO: @CLIENT: Message from server: b'GETDENSITY  '
2024-10-15 12:31:11,939:qiskit_nature_cp2k.cp2k_integration:INFO: @CLIENT: Message from server: b'STATUS      '
2024-10-15 12:31:11,939:qiskit_nature_cp2k.cp2k_integration:INFO: @CLIENT: Message from server: b'ONEBODY     '
2024-10-15 12:31:11,939:qiskit_nature_cp2k.cp2k_integration:INFO: e_inactive = -241.33311359091678
2024-10-15 12:31:11,939:qiskit_nature_cp2k.cp2k_integration:INFO: h1_a = 
[[-0.08804  -0.000647  0.001047  0.000072  0.000709]
 [-0.000647 -0.060967 -0.000447  0.000137  0.000009]
 [ 0.001047 -0.000447 -0.060325 -0.000084 -0.000126]
 [ 0.000072  0.000137 -0.000084 -0.062773 -0.000158]
 [ 0.000709  0.000009 -0.000126 -0.000158 -0.063573]]
2024-10-15 12:31:11,940:qiskit_nature_cp2k.cp2k_integration:INFO: 

 ------------------  SOLVE  -----------------

2024-10-15 12:31:11,940:qiskit_nature_cp2k.cp2k_integration:INFO: 5
2024-10-15 12:31:11,940:qiskit_nature_cp2k.cp2k_integration:INFO: (np.int32(1), np.int32(1))
2024-10-15 12:31:11,940:qiskit_nature_cp2k.cp2k_integration:INFO: [1. 0. 0. 0. 0.]
2024-10-15 12:31:11,940:qiskit_nature_cp2k.cp2k_integration:INFO: [1. 0. 0. 0. 0.]
2024-10-15 12:31:17,894:qiskit_nature_cp2k.cp2k_integration:INFO: Active space result: 

=== GROUND STATE ENERGY ===
 
* Electronic ground state energy (Hartree): -0.121487440987
  - computed part:      -0.121487440987
~ Nuclear repulsion energy (Hartree): -241.333113590917
> Total ground state energy (Hartree): -241.454601031904
 
=== MEASURED OBSERVABLES ===
 
  0:  # Particles: 2.000 S: 0.000 S^2: 0.000 M: 0.000

2024-10-15 12:31:17,895:qiskit_nature_cp2k.cp2k_integration:INFO: Active space density: 

array([[ 1.967325,  0.045735, -0.090309, -0.005687, -0.04702 ],
       [ 0.045735,  0.002821, -0.002012, -0.000437, -0.001284],
       [-0.090309, -0.002012,  0.005625,  0.000398,  0.003025],
       [-0.005687, -0.000437,  0.000398,  0.001001,  0.003027],
       [-0.04702 , -0.001284,  0.003025,  0.003027,  0.023228]])

2024-10-15 12:31:17,896:qiskit_nature_cp2k.cp2k_integration:INFO: @CLIENT: Message from server: b'GETDENSITY  '
2024-10-15 12:31:19,527:qiskit_nature_cp2k.cp2k_integration:INFO: @CLIENT: Message from server: b'STATUS      '
2024-10-15 12:31:19,527:qiskit_nature_cp2k.cp2k_integration:INFO: @CLIENT: Message from server: b'ONEBODY     '
2024-10-15 12:31:19,527:qiskit_nature_cp2k.cp2k_integration:INFO: e_inactive = -241.35814603478542
2024-10-15 12:31:19,528:qiskit_nature_cp2k.cp2k_integration:INFO: h1_a = 
[[-0.037096  0.000733 -0.00237  -0.00005  -0.000503]
 [ 0.000733 -0.086475 -0.000583 -0.000596 -0.0001  ]
 [-0.00237  -0.000583 -0.085538 -0.000083  0.000438]
 [-0.00005  -0.000596 -0.000083 -0.062982  0.000333]
 [-0.000503 -0.0001    0.000438  0.000333 -0.05968 ]]
2024-10-15 12:31:19,528:qiskit_nature_cp2k.cp2k_integration:INFO: 

 ------------------  SOLVE  -----------------

2024-10-15 12:31:19,528:qiskit_nature_cp2k.cp2k_integration:INFO: 5
2024-10-15 12:31:19,528:qiskit_nature_cp2k.cp2k_integration:INFO: (np.int32(1), np.int32(1))
2024-10-15 12:31:19,528:qiskit_nature_cp2k.cp2k_integration:INFO: [1. 0. 0. 0. 0.]
2024-10-15 12:31:19,528:qiskit_nature_cp2k.cp2k_integration:INFO: [1. 0. 0. 0. 0.]
2024-10-15 12:31:33,406:qiskit_nature_cp2k.cp2k_integration:INFO: Active space result: 

=== GROUND STATE ENERGY ===
 
* Electronic ground state energy (Hartree): -0.122835207365
  - computed part:      -0.122835207365
~ Nuclear repulsion energy (Hartree): -241.358146034785
> Total ground state energy (Hartree): -241.480981242151
 
=== MEASURED OBSERVABLES ===
 
  0:  # Particles: 2.000 S: 1.000 S^2: 2.000 M: -0.026

2024-10-15 12:31:33,407:qiskit_nature_cp2k.cp2k_integration:INFO: Active space density: 

array([[ 0.002703, -0.013383,  0.050109, -0.000314, -0.000952],
       [-0.013383,  0.999084,  0.000694,  0.025537,  0.002451],
       [ 0.050109,  0.000694,  0.997067,  0.000947, -0.018295],
       [-0.000314,  0.025537,  0.000947,  0.000726,  0.000046],
       [-0.000952,  0.002451, -0.018295,  0.000046,  0.00042 ]])

2024-10-15 12:31:33,408:qiskit_nature_cp2k.cp2k_integration:INFO: @CLIENT: Message from server: b'GETDENSITY  '
2024-10-15 12:31:35,190:qiskit_nature_cp2k.cp2k_integration:INFO: @CLIENT: Message from server: b'STATUS      '
2024-10-15 12:31:35,191:qiskit_nature_cp2k.cp2k_integration:INFO: @CLIENT: Message from server: b'ONEBODY     '
