2024-08-29 21:02:26,304:qiskit_nature.second_q.circuit.library.ansatzes.ucc:DEBUG: Gathering excitation generators...
2024-08-29 21:02:26,305:qiskit_nature.second_q.circuit.library.ansatzes.ucc:DEBUG: Generating excitation list...
2024-08-29 21:02:26,305:qiskit_nature.second_q.circuit.library.ansatzes.utils.fermionic_excitation_generator:DEBUG: Generated list of single alpha excitations: [(0, 1), (0, 2), (0, 3), (0, 4)]
2024-08-29 21:02:26,305:qiskit_nature.second_q.circuit.library.ansatzes.utils.fermionic_excitation_generator:DEBUG: Generated list of single beta excitations: [(5, 6), (5, 7), (5, 8), (5, 9)]
2024-08-29 21:02:26,305:qiskit_nature.second_q.circuit.library.ansatzes.utils.fermionic_excitation_generator:DEBUG: Added the excitation: ((0,), (1,))
2024-08-29 21:02:26,305:qiskit_nature.second_q.circuit.library.ansatzes.utils.fermionic_excitation_generator:DEBUG: Added the excitation: ((0,), (2,))
2024-08-29 21:02:26,305:qiskit_nature.second_q.circuit.library.ansatzes.utils.fermionic_excitation_generator:DEBUG: Added the excitation: ((0,), (3,))
2024-08-29 21:02:26,305:qiskit_nature.second_q.circuit.library.ansatzes.utils.fermionic_excitation_generator:DEBUG: Added the excitation: ((0,), (4,))
2024-08-29 21:02:26,305:qiskit_nature.second_q.circuit.library.ansatzes.utils.fermionic_excitation_generator:DEBUG: Added the excitation: ((5,), (6,))
2024-08-29 21:02:26,305:qiskit_nature.second_q.circuit.library.ansatzes.utils.fermionic_excitation_generator:DEBUG: Added the excitation: ((5,), (7,))
2024-08-29 21:02:26,305:qiskit_nature.second_q.circuit.library.ansatzes.utils.fermionic_excitation_generator:DEBUG: Added the excitation: ((5,), (8,))
2024-08-29 21:02:26,305:qiskit_nature.second_q.circuit.library.ansatzes.utils.fermionic_excitation_generator:DEBUG: Added the excitation: ((5,), (9,))
2024-08-29 21:02:26,305:qiskit_nature.second_q.circuit.library.ansatzes.utils.fermionic_excitation_generator:DEBUG: Generated list of single alpha excitations: [(0, 1), (0, 2), (0, 3), (0, 4)]
2024-08-29 21:02:26,305:qiskit_nature.second_q.circuit.library.ansatzes.utils.fermionic_excitation_generator:DEBUG: Generated list of single beta excitations: [(5, 6), (5, 7), (5, 8), (5, 9)]
2024-08-29 21:02:26,305:qiskit_nature.second_q.circuit.library.ansatzes.utils.fermionic_excitation_generator:DEBUG: Added the excitation: ((0, 5), (1, 6))
2024-08-29 21:02:26,305:qiskit_nature.second_q.circuit.library.ansatzes.utils.fermionic_excitation_generator:DEBUG: Added the excitation: ((0, 5), (1, 7))
2024-08-29 21:02:26,305:qiskit_nature.second_q.circuit.library.ansatzes.utils.fermionic_excitation_generator:DEBUG: Added the excitation: ((0, 5), (1, 8))
2024-08-29 21:02:26,305:qiskit_nature.second_q.circuit.library.ansatzes.utils.fermionic_excitation_generator:DEBUG: Added the excitation: ((0, 5), (1, 9))
2024-08-29 21:02:26,305:qiskit_nature.second_q.circuit.library.ansatzes.utils.fermionic_excitation_generator:DEBUG: Added the excitation: ((0, 5), (2, 6))
2024-08-29 21:02:26,305:qiskit_nature.second_q.circuit.library.ansatzes.utils.fermionic_excitation_generator:DEBUG: Added the excitation: ((0, 5), (2, 7))
2024-08-29 21:02:26,305:qiskit_nature.second_q.circuit.library.ansatzes.utils.fermionic_excitation_generator:DEBUG: Added the excitation: ((0, 5), (2, 8))
2024-08-29 21:02:26,305:qiskit_nature.second_q.circuit.library.ansatzes.utils.fermionic_excitation_generator:DEBUG: Added the excitation: ((0, 5), (2, 9))
2024-08-29 21:02:26,305:qiskit_nature.second_q.circuit.library.ansatzes.utils.fermionic_excitation_generator:DEBUG: Added the excitation: ((0, 5), (3, 6))
2024-08-29 21:02:26,305:qiskit_nature.second_q.circuit.library.ansatzes.utils.fermionic_excitation_generator:DEBUG: Added the excitation: ((0, 5), (3, 7))
2024-08-29 21:02:26,305:qiskit_nature.second_q.circuit.library.ansatzes.utils.fermionic_excitation_generator:DEBUG: Added the excitation: ((0, 5), (3, 8))
2024-08-29 21:02:26,305:qiskit_nature.second_q.circuit.library.ansatzes.utils.fermionic_excitation_generator:DEBUG: Added the excitation: ((0, 5), (3, 9))
2024-08-29 21:02:26,305:qiskit_nature.second_q.circuit.library.ansatzes.utils.fermionic_excitation_generator:DEBUG: Added the excitation: ((0, 5), (4, 6))
2024-08-29 21:02:26,305:qiskit_nature.second_q.circuit.library.ansatzes.utils.fermionic_excitation_generator:DEBUG: Added the excitation: ((0, 5), (4, 7))
2024-08-29 21:02:26,305:qiskit_nature.second_q.circuit.library.ansatzes.utils.fermionic_excitation_generator:DEBUG: Added the excitation: ((0, 5), (4, 8))
2024-08-29 21:02:26,305:qiskit_nature.second_q.circuit.library.ansatzes.utils.fermionic_excitation_generator:DEBUG: Added the excitation: ((0, 5), (4, 9))
2024-08-29 21:02:26,306:qiskit_nature.second_q.circuit.library.ansatzes.ucc:DEBUG: Checking excitation list...
2024-08-29 21:02:26,306:qiskit_nature.second_q.circuit.library.ansatzes.ucc:DEBUG: Converting excitations into SparseLabelOps...
2024-08-29 21:02:26,306:qiskit_nature.second_q.circuit.library.ansatzes.ucc:DEBUG: Converting second-quantized into qubit operators...
/home/ubuntu/data/2_Al4x4/client-vqe-ucc.py:110: DeprecationWarning: The class ``qiskit.primitives.estimator.Estimator`` is deprecated as of qiskit 1.2. It will be removed no earlier than 3 months after the release date. All implementations of the `BaseEstimatorV1` interface have been deprecated in favor of their V2 counterparts. The V2 alternative for the `Estimator` class is `StatevectorEstimator`.
  estimator = Estimator()
2024-08-29 21:02:26,348:qiskit_nature_cp2k.cp2k_integration:INFO: 

 ---------- STARTING CP2K INTEGRATION ----------

2024-08-29 21:02:26,348:qiskit_nature_cp2k.cp2k_integration:INFO: @CLIENT: connecting to socket
2024-08-29 21:02:55,211:qiskit_nature_cp2k.cp2k_integration:INFO: @CLIENT: connected
2024-08-29 21:02:55,211:qiskit_nature_cp2k.cp2k_integration:INFO: @CLIENT: Message from server: b'STATUS      '
2024-08-29 21:02:55,213:qiskit_nature_cp2k.cp2k_integration:INFO: @CLIENT: Message from server: b'TWOBODY     '
2024-08-29 21:02:55,213:qiskit_nature_cp2k.cp2k_integration:INFO: nspins = 1
2024-08-29 21:02:55,214:qiskit_nature_cp2k.cp2k_integration:INFO: nmo_active = 5
2024-08-29 21:02:55,214:qiskit_nature_cp2k.cp2k_integration:INFO: nelec_active = 2
2024-08-29 21:02:55,214:qiskit_nature_cp2k.cp2k_integration:INFO: multiplicity = 1
2024-08-29 21:02:55,214:qiskit_nature_cp2k.cp2k_integration:INFO: @CLIENT: Message from server: b'STATUS      '
2024-08-29 21:02:55,214:qiskit_nature_cp2k.cp2k_integration:INFO: @CLIENT: Message from server: b'ONEBODY     '
2024-08-29 21:02:55,214:qiskit_nature_cp2k.cp2k_integration:INFO: e_inactive = -198.92848902210014
2024-08-29 21:02:55,215:qiskit_nature_cp2k.cp2k_integration:INFO: h1_a = 
[[-0.047426  0.000108 -0.000057 -0.000035  0.000084]
 [ 0.000108 -0.091819 -0.        0.000104  0.000249]
 [-0.000057 -0.       -0.091868  0.000404 -0.000035]
 [-0.000035  0.000104  0.000404 -0.091727 -0.      ]
 [ 0.000084  0.000249 -0.000035 -0.       -0.091904]]
2024-08-29 21:02:55,217:qiskit_nature_cp2k.cp2k_integration:INFO: 

 ------------------  SOLVE  -----------------

2024-08-29 21:02:55,217:qiskit_nature_cp2k.cp2k_integration:INFO: 5
2024-08-29 21:02:55,217:qiskit_nature_cp2k.cp2k_integration:INFO: (np.int32(1), np.int32(1))
2024-08-29 21:02:55,217:qiskit_nature_cp2k.cp2k_integration:INFO: [1. 0. 0. 0. 0.]
2024-08-29 21:02:55,217:qiskit_nature_cp2k.cp2k_integration:INFO: [1. 0. 0. 0. 0.]
2024-08-29 21:15:37,106:qiskit_nature_cp2k.stateful_vqe:INFO: Optimization complete in 760.005185842514 seconds.
Found optimal point [-0.0008    0.000429 -0.00015   0.001208  0.000846 -0.000784  0.000827 -0.00066  -3.141978  0.068444 -0.065566  0.55478  -0.082227 -3.141303 -0.582072 -0.053345 -0.101353  2.418895 -3.144144  0.089422  1.57132  -0.187334  0.004872 -2.836803]
2024-08-29 21:15:52,985:qiskit_nature_cp2k.stateful_vqe:INFO: The circuit has the following gates: OrderedDict({'cx': 1448, 'u2': 1358, 'u1': 621, 'u': 5, 'r': 1})
2024-08-29 21:15:53,004:qiskit_nature_cp2k.stateful_vqe:INFO: The circuit has a depth of 1996
2024-08-29 21:15:53,031:qiskit_nature_cp2k.stateful_vqe:INFO: The circuit has a 2-qubit gate depth of 1431
2024-08-29 21:15:53,031:qiskit_nature_cp2k.stateful_vqe:INFO: The circuit has 24 paramters
2024-08-29 21:15:53,033:qiskit_nature_cp2k.cp2k_integration:INFO: Active space result: 

=== GROUND STATE ENERGY ===
 
* Electronic ground state energy (Hartree): -0.135214669947
  - computed part:      -0.135214669947
~ Nuclear repulsion energy (Hartree): -198.9284890221
> Total ground state energy (Hartree): -199.063703692047
 
=== MEASURED OBSERVABLES ===
 
  0:  # Particles: 2.000 S: 0.999 S^2: 1.996 M: -0.000

2024-08-29 21:15:53,033:qiskit_nature_cp2k.cp2k_integration:INFO: Active space density: 

array([[ 0.000005, -0.001126,  0.000315,  0.000706, -0.000838],
       [-0.001126,  0.567164, -0.043529, -0.088456, -0.005953],
       [ 0.000315, -0.043529,  0.440143, -0.011178,  0.093887],
       [ 0.000706, -0.088456, -0.011178,  0.440763, -0.054109],
       [-0.000838, -0.005953,  0.093887, -0.054109,  0.551926]])

2024-08-29 21:15:53,034:qiskit_nature_cp2k.cp2k_integration:INFO: @CLIENT: Message from server: b'GETDENSITY  '
2024-08-29 21:15:53,889:qiskit_nature_cp2k.cp2k_integration:INFO: @CLIENT: Message from server: b'STATUS      '
2024-08-29 21:15:53,889:qiskit_nature_cp2k.cp2k_integration:INFO: @CLIENT: Message from server: b'ONEBODY     '
2024-08-29 21:15:53,889:qiskit_nature_cp2k.cp2k_integration:INFO: e_inactive = -198.88929510705933
2024-08-29 21:15:53,889:qiskit_nature_cp2k.cp2k_integration:INFO: h1_a = 
[[-0.093792 -0.000143  0.000107 -0.000012  0.000034]
 [-0.000143 -0.081767 -0.001131 -0.002117  0.000479]
 [ 0.000107 -0.001131 -0.085132  0.000353  0.00223 ]
 [-0.000012 -0.002117  0.000353 -0.085003 -0.001415]
 [ 0.000034  0.000479  0.00223  -0.001415 -0.082273]]
2024-08-29 21:15:53,890:qiskit_nature_cp2k.cp2k_integration:INFO: 

 ------------------  SOLVE  -----------------

2024-08-29 21:15:53,890:qiskit_nature_cp2k.cp2k_integration:INFO: 5
2024-08-29 21:15:53,890:qiskit_nature_cp2k.cp2k_integration:INFO: (np.int32(1), np.int32(1))
2024-08-29 21:15:53,890:qiskit_nature_cp2k.cp2k_integration:INFO: [1. 0. 0. 0. 0.]
2024-08-29 21:15:53,890:qiskit_nature_cp2k.cp2k_integration:INFO: [1. 0. 0. 0. 0.]
2024-08-29 21:21:39,508:qiskit_nature_cp2k.stateful_vqe:INFO: Optimization complete in 343.7594473361969 seconds.
Found optimal point [ 0.484867  0.53152   1.502112 -0.288036 -0.065158 -0.026979  0.019167 -0.037374 -2.2354   -0.21833   0.999656  0.089728 -0.541864 -2.902005 -0.057904 -0.795189  0.136935  2.458205 -3.295655 -0.610997  1.833169 -0.254327 -0.05411  -2.844227]
2024-08-29 21:21:55,456:qiskit_nature_cp2k.stateful_vqe:INFO: The circuit has the following gates: OrderedDict({'cx': 1448, 'u2': 1358, 'u1': 621, 'u': 5, 'r': 1})
2024-08-29 21:21:55,475:qiskit_nature_cp2k.stateful_vqe:INFO: The circuit has a depth of 1996
2024-08-29 21:21:55,502:qiskit_nature_cp2k.stateful_vqe:INFO: The circuit has a 2-qubit gate depth of 1431
2024-08-29 21:21:55,502:qiskit_nature_cp2k.stateful_vqe:INFO: The circuit has 24 paramters
2024-08-29 21:21:55,504:qiskit_nature_cp2k.cp2k_integration:INFO: Active space result: 

=== GROUND STATE ENERGY ===
 
* Electronic ground state energy (Hartree): -0.129837293769
  - computed part:      -0.129837293769
~ Nuclear repulsion energy (Hartree): -198.889295107059
> Total ground state energy (Hartree): -199.019132400828
 
=== MEASURED OBSERVABLES ===
 
  0:  # Particles: 2.000 S: 0.617 S^2: 0.997 M: 0.000

2024-08-29 21:21:55,504:qiskit_nature_cp2k.cp2k_integration:INFO: Active space density: 

array([[ 0.990807,  0.048609, -0.032676,  0.030109,  0.047396],
       [ 0.048609,  0.221264,  0.206746,  0.355931, -0.004672],
       [-0.032676,  0.206746,  0.203567,  0.340551, -0.00822 ],
       [ 0.030109,  0.355931,  0.340551,  0.581143, -0.009588],
       [ 0.047396, -0.004672, -0.00822 , -0.009588,  0.00322 ]])

2024-08-29 21:21:55,505:qiskit_nature_cp2k.cp2k_integration:INFO: @CLIENT: Message from server: b'GETDENSITY  '
2024-08-29 21:21:56,137:qiskit_nature_cp2k.cp2k_integration:INFO: @CLIENT: Message from server: b'STATUS      '
2024-08-29 21:21:56,138:qiskit_nature_cp2k.cp2k_integration:INFO: @CLIENT: Message from server: b'ONEBODY     '
2024-08-29 21:21:56,138:qiskit_nature_cp2k.cp2k_integration:INFO: e_inactive = -198.9011101112717
2024-08-29 21:21:56,138:qiskit_nature_cp2k.cp2k_integration:INFO: h1_a = 
[[-0.068404  0.000801 -0.000625  0.000708  0.000977]
 [ 0.000801 -0.090621  0.005302  0.009064  0.000532]
 [-0.000625  0.005302 -0.091158  0.009034 -0.000358]
 [ 0.000708  0.009064  0.009034 -0.081408 -0.00021 ]
 [ 0.000977  0.000532 -0.000358 -0.00021  -0.09634 ]]
2024-08-29 21:21:56,139:qiskit_nature_cp2k.cp2k_integration:INFO: 

 ------------------  SOLVE  -----------------

2024-08-29 21:21:56,139:qiskit_nature_cp2k.cp2k_integration:INFO: 5
2024-08-29 21:21:56,139:qiskit_nature_cp2k.cp2k_integration:INFO: (np.int32(1), np.int32(1))
2024-08-29 21:21:56,139:qiskit_nature_cp2k.cp2k_integration:INFO: [1. 0. 0. 0. 0.]
2024-08-29 21:21:56,139:qiskit_nature_cp2k.cp2k_integration:INFO: [1. 0. 0. 0. 0.]
2024-08-29 21:36:37,964:qiskit_nature_cp2k.stateful_vqe:INFO: Optimization complete in 879.9983894824982 seconds.
Found optimal point [ 2.705278  2.186431 -0.042561 -1.577882 -3.579475 -2.31513  -1.526906 -2.144072 -1.566398  0.535126  0.597642  0.880537 -0.299157 -1.588662  0.426651 -2.366731  0.479751  3.70234  -3.100946 -2.076748  1.805963 -0.664187 -0.049061 -2.843237]
2024-08-29 21:36:53,705:qiskit_nature_cp2k.stateful_vqe:INFO: The circuit has the following gates: OrderedDict({'cx': 1448, 'u2': 1358, 'u1': 621, 'u': 5, 'r': 1})
2024-08-29 21:36:53,725:qiskit_nature_cp2k.stateful_vqe:INFO: The circuit has a depth of 1996
2024-08-29 21:36:53,752:qiskit_nature_cp2k.stateful_vqe:INFO: The circuit has a 2-qubit gate depth of 1431
2024-08-29 21:36:53,752:qiskit_nature_cp2k.stateful_vqe:INFO: The circuit has 24 paramters
2024-08-29 21:36:53,754:qiskit_nature_cp2k.cp2k_integration:INFO: Active space result: 

=== GROUND STATE ENERGY ===
 
* Electronic ground state energy (Hartree): -0.144533052945
  - computed part:      -0.144533052945
~ Nuclear repulsion energy (Hartree): -198.901110111272
> Total ground state energy (Hartree): -199.045643164217
 
=== MEASURED OBSERVABLES ===
 
  0:  # Particles: 2.000 S: 1.000 S^2: 1.999 M: 0.000

2024-08-29 21:36:53,754:qiskit_nature_cp2k.cp2k_integration:INFO: Active space density: 

array([[ 0.000228,  0.005712,  0.004389, -0.006161, -0.005774],
       [ 0.005712,  0.333855,  0.013319, -0.213044, -0.420006],
       [ 0.004389,  0.013319,  0.683265, -0.414027,  0.210597],
       [-0.006161, -0.213044, -0.414027,  0.377292,  0.133108],
       [-0.005774, -0.420006,  0.210597,  0.133108,  0.605359]])

2024-08-29 21:36:53,755:qiskit_nature_cp2k.cp2k_integration:INFO: @CLIENT: Message from server: b'GETDENSITY  '
2024-08-29 21:36:54,357:qiskit_nature_cp2k.cp2k_integration:INFO: @CLIENT: Message from server: b'STATUS      '
2024-08-29 21:36:54,357:qiskit_nature_cp2k.cp2k_integration:INFO: @CLIENT: Message from server: b'ONEBODY     '
2024-08-29 21:36:54,357:qiskit_nature_cp2k.cp2k_integration:INFO: e_inactive = -198.90124771730393
2024-08-29 21:36:54,358:qiskit_nature_cp2k.cp2k_integration:INFO: h1_a = 
[[-0.093672 -0.000032  0.00017  -0.000137 -0.000162]
 [-0.000032 -0.087772  0.000346 -0.005288 -0.010062]
 [ 0.00017   0.000346 -0.07887  -0.009819  0.005173]
 [-0.000137 -0.005288 -0.009819 -0.086634  0.003417]
 [-0.000162 -0.010062  0.005173  0.003417 -0.080894]]
2024-08-29 21:36:54,358:qiskit_nature_cp2k.cp2k_integration:INFO: 

 ------------------  SOLVE  -----------------

2024-08-29 21:36:54,358:qiskit_nature_cp2k.cp2k_integration:INFO: 5
2024-08-29 21:36:54,358:qiskit_nature_cp2k.cp2k_integration:INFO: (np.int32(1), np.int32(1))
2024-08-29 21:36:54,358:qiskit_nature_cp2k.cp2k_integration:INFO: [1. 0. 0. 0. 0.]
2024-08-29 21:36:54,358:qiskit_nature_cp2k.cp2k_integration:INFO: [1. 0. 0. 0. 0.]
2024-08-29 21:46:06,083:qiskit_nature_cp2k.stateful_vqe:INFO: Optimization complete in 549.8501927852631 seconds.
Found optimal point [ 2.516659  0.497108  1.420249 -1.562511  4.374395 -1.479248 -0.519684 -1.862571 -1.568103  2.903557 -1.107702  1.161862 -0.336418 -2.554983 -0.54562  -1.814725  5.483966  3.784968 -3.16185  -5.592012 -0.285287 -0.625977 -1.576217 -3.135812]
2024-08-29 21:46:21,738:qiskit_nature_cp2k.stateful_vqe:INFO: The circuit has the following gates: OrderedDict({'cx': 1448, 'u2': 1358, 'u1': 621, 'u': 5, 'r': 1})
2024-08-29 21:46:21,757:qiskit_nature_cp2k.stateful_vqe:INFO: The circuit has a depth of 1996
2024-08-29 21:46:21,785:qiskit_nature_cp2k.stateful_vqe:INFO: The circuit has a 2-qubit gate depth of 1431
2024-08-29 21:46:21,785:qiskit_nature_cp2k.stateful_vqe:INFO: The circuit has 24 paramters
2024-08-29 21:46:21,787:qiskit_nature_cp2k.cp2k_integration:INFO: Active space result: 

=== GROUND STATE ENERGY ===
 
* Electronic ground state energy (Hartree): -0.142326962773
  - computed part:      -0.142326962773
~ Nuclear repulsion energy (Hartree): -198.901247717304
> Total ground state energy (Hartree): -199.043574680077
 
=== MEASURED OBSERVABLES ===
 
  0:  # Particles: 2.000 S: 1.000 S^2: 2.000 M: -0.000

2024-08-29 21:46:21,787:qiskit_nature_cp2k.cp2k_integration:INFO: Active space density: 

array([[ 0.000058,  0.003347,  0.000686,  0.002141,  0.001523],
       [ 0.003347,  0.675346, -0.015681,  0.217008,  0.414469],
       [ 0.000686, -0.015681,  0.306989,  0.407999, -0.21432 ],
       [ 0.002141,  0.217008,  0.407999,  0.626399, -0.14261 ],
       [ 0.001523,  0.414469, -0.21432 , -0.14261 ,  0.391208]])

2024-08-29 21:46:21,787:qiskit_nature_cp2k.cp2k_integration:INFO: @CLIENT: Message from server: b'GETDENSITY  '
2024-08-29 21:46:22,408:qiskit_nature_cp2k.cp2k_integration:INFO: @CLIENT: Message from server: b'STATUS      '
2024-08-29 21:46:22,408:qiskit_nature_cp2k.cp2k_integration:INFO: @CLIENT: Message from server: b'ONEBODY     '
2024-08-29 21:46:22,408:qiskit_nature_cp2k.cp2k_integration:INFO: e_inactive = -198.90126768101476
2024-08-29 21:46:22,408:qiskit_nature_cp2k.cp2k_integration:INFO: h1_a = 
[[-0.093923 -0.000022  0.000155 -0.000007  0.000115]
 [-0.000022 -0.078977 -0.000416  0.005657  0.011195]
 [ 0.000155 -0.000416 -0.088549  0.010934 -0.005548]
 [-0.000007  0.005657  0.010934 -0.080217 -0.003686]
 [ 0.000115  0.011195 -0.005548 -0.003686 -0.086413]]
2024-08-29 21:46:22,409:qiskit_nature_cp2k.cp2k_integration:INFO: 

 ------------------  SOLVE  -----------------

2024-08-29 21:46:22,409:qiskit_nature_cp2k.cp2k_integration:INFO: 5
2024-08-29 21:46:22,409:qiskit_nature_cp2k.cp2k_integration:INFO: (np.int32(1), np.int32(1))
2024-08-29 21:46:22,409:qiskit_nature_cp2k.cp2k_integration:INFO: [1. 0. 0. 0. 0.]
2024-08-29 21:46:22,409:qiskit_nature_cp2k.cp2k_integration:INFO: [1. 0. 0. 0. 0.]
2024-08-29 21:52:35,638:qiskit_nature_cp2k.stateful_vqe:INFO: Optimization complete in 371.393271446228 seconds.
Found optimal point [ 2.349732  0.071395  0.742948 -1.580118  5.788126 -1.574736 -0.338647 -1.78     -1.569493  2.552942 -0.325831  0.18836  -0.645531 -3.232572 -0.449616 -1.515894  5.696264  4.447865 -3.139477 -5.263272 -0.531961 -0.06159  -1.566169 -3.126668]
2024-08-29 21:52:51,508:qiskit_nature_cp2k.stateful_vqe:INFO: The circuit has the following gates: OrderedDict({'cx': 1448, 'u2': 1358, 'u1': 621, 'u': 5, 'r': 1})
2024-08-29 21:52:51,527:qiskit_nature_cp2k.stateful_vqe:INFO: The circuit has a depth of 1996
2024-08-29 21:52:51,554:qiskit_nature_cp2k.stateful_vqe:INFO: The circuit has a 2-qubit gate depth of 1431
2024-08-29 21:52:51,554:qiskit_nature_cp2k.stateful_vqe:INFO: The circuit has 24 paramters
2024-08-29 21:52:51,556:qiskit_nature_cp2k.cp2k_integration:INFO: Active space result: 

=== GROUND STATE ENERGY ===
 
* Electronic ground state energy (Hartree): -0.144749163999
  - computed part:      -0.144749163999
~ Nuclear repulsion energy (Hartree): -198.901267681015
> Total ground state energy (Hartree): -199.046016845014
 
=== MEASURED OBSERVABLES ===
 
  0:  # Particles: 2.000 S: 1.000 S^2: 2.000 M: -0.000

2024-08-29 21:52:51,556:qiskit_nature_cp2k.cp2k_integration:INFO: Active space density: 

array([[ 0.000025,  0.001503, -0.000842, -0.000433, -0.002244],
       [ 0.001503,  0.327964,  0.014077, -0.212386, -0.418342],
       [-0.000842,  0.014077,  0.688797, -0.412323,  0.209895],
       [-0.000433, -0.212386, -0.412323,  0.373927,  0.137472],
       [-0.002244, -0.418342,  0.209895,  0.137472,  0.609287]])

2024-08-29 21:52:51,557:qiskit_nature_cp2k.cp2k_integration:INFO: @CLIENT: Message from server: b'GETDENSITY  '
2024-08-29 21:52:52,164:qiskit_nature_cp2k.cp2k_integration:INFO: @CLIENT: Message from server: b'STATUS      '
2024-08-29 21:52:52,164:qiskit_nature_cp2k.cp2k_integration:INFO: @CLIENT: Message from server: b'ONEBODY     '
2024-08-29 21:52:52,164:qiskit_nature_cp2k.cp2k_integration:INFO: e_inactive = -198.90126674280077
2024-08-29 21:52:52,164:qiskit_nature_cp2k.cp2k_integration:INFO: h1_a = 
[[-0.093678 -0.000139  0.000035  0.000011 -0.000073]
 [-0.000139 -0.087924  0.000365 -0.005271 -0.010019]
 [ 0.000035  0.000365 -0.078727 -0.009776  0.005155]
 [ 0.000011 -0.005271 -0.009776 -0.086721  0.00353 ]
 [-0.000073 -0.010019  0.005155  0.00353  -0.080793]]
2024-08-29 21:52:52,165:qiskit_nature_cp2k.cp2k_integration:INFO: 

 ------------------  SOLVE  -----------------

2024-08-29 21:52:52,165:qiskit_nature_cp2k.cp2k_integration:INFO: 5
2024-08-29 21:52:52,165:qiskit_nature_cp2k.cp2k_integration:INFO: (np.int32(1), np.int32(1))
2024-08-29 21:52:52,165:qiskit_nature_cp2k.cp2k_integration:INFO: [1. 0. 0. 0. 0.]
2024-08-29 21:52:52,165:qiskit_nature_cp2k.cp2k_integration:INFO: [1. 0. 0. 0. 0.]
2024-08-29 22:09:48,831:qiskit_nature_cp2k.stateful_vqe:INFO: Optimization complete in 1014.8419725894928 seconds.
Found optimal point [  3.767058   2.645693  -1.576227  -4.595319  -8.33684   -2.377935  -0.439297  -1.70327   -4.706073  -2.884949 -11.529283   4.287721   3.862381  -2.472035   0.859035   2.495403   8.734644   2.902512  -3.341688  -3.393768   0.514328   2.619347  -1.561306  -2.12628 ]
2024-08-29 22:10:04,774:qiskit_nature_cp2k.stateful_vqe:INFO: The circuit has the following gates: OrderedDict({'cx': 1448, 'u2': 1358, 'u1': 621, 'u': 5, 'r': 1})
2024-08-29 22:10:04,793:qiskit_nature_cp2k.stateful_vqe:INFO: The circuit has a depth of 1996
2024-08-29 22:10:04,823:qiskit_nature_cp2k.stateful_vqe:INFO: The circuit has a 2-qubit gate depth of 1431
2024-08-29 22:10:04,823:qiskit_nature_cp2k.stateful_vqe:INFO: The circuit has 24 paramters
2024-08-29 22:10:04,825:qiskit_nature_cp2k.cp2k_integration:INFO: Active space result: 

=== GROUND STATE ENERGY ===
 
* Electronic ground state energy (Hartree): -0.142353345832
  - computed part:      -0.142353345832
~ Nuclear repulsion energy (Hartree): -198.901266742801
> Total ground state energy (Hartree): -199.043620088632
 
=== MEASURED OBSERVABLES ===
 
  0:  # Particles: 2.000 S: 0.999 S^2: 1.998 M: 0.000

2024-08-29 22:10:04,825:qiskit_nature_cp2k.cp2k_integration:INFO: Active space density: 

array([[ 0.001618,  0.017593, -0.010899, -0.008727,  0.017749],
       [ 0.017593,  0.680673, -0.01645 ,  0.216624,  0.411653],
       [-0.010899, -0.01645 ,  0.300771,  0.405327, -0.213101],
       [-0.008727,  0.216624,  0.405327,  0.6304  , -0.146734],
       [ 0.017749,  0.411653, -0.213101, -0.146734,  0.386538]])

2024-08-29 22:10:04,826:qiskit_nature_cp2k.cp2k_integration:INFO: @CLIENT: Message from server: b'GETDENSITY  '
2024-08-29 22:10:05,454:qiskit_nature_cp2k.cp2k_integration:INFO: @CLIENT: Message from server: b'STATUS      '
2024-08-29 22:10:05,455:qiskit_nature_cp2k.cp2k_integration:INFO: @CLIENT: Message from server: b'ONEBODY     '
2024-08-29 22:10:05,455:qiskit_nature_cp2k.cp2k_integration:INFO: e_inactive = -198.9012522746888
2024-08-29 22:10:05,455:qiskit_nature_cp2k.cp2k_integration:INFO: h1_a = 
[[-0.093884  0.000336 -0.000133 -0.000279  0.000523]
 [ 0.000336 -0.078837 -0.000437  0.005646  0.011127]
 [-0.000133 -0.000437 -0.088711  0.010862 -0.005518]
 [-0.000279  0.005646  0.010862 -0.080116 -0.003792]
 [ 0.000523  0.011127 -0.005518 -0.003792 -0.086532]]
2024-08-29 22:10:05,455:qiskit_nature_cp2k.cp2k_integration:INFO: 

 ------------------  SOLVE  -----------------

2024-08-29 22:10:05,455:qiskit_nature_cp2k.cp2k_integration:INFO: 5
2024-08-29 22:10:05,455:qiskit_nature_cp2k.cp2k_integration:INFO: (np.int32(1), np.int32(1))
2024-08-29 22:10:05,455:qiskit_nature_cp2k.cp2k_integration:INFO: [1. 0. 0. 0. 0.]
2024-08-29 22:10:05,456:qiskit_nature_cp2k.cp2k_integration:INFO: [1. 0. 0. 0. 0.]
2024-08-29 22:15:32,639:qiskit_nature_cp2k.stateful_vqe:INFO: Optimization complete in 325.3556652069092 seconds.
Found optimal point [  3.685464   2.350849  -3.619789  -4.703073  -6.54274   -1.566668  -0.290843  -2.977898  -4.712627  -5.666869 -12.047413   3.473438   3.854294  -1.812407   0.355812   2.256049   9.796891   4.399744  -3.143104  -1.995242   1.357244   2.205743  -1.569394  -2.070886]
2024-08-29 22:15:48,703:qiskit_nature_cp2k.stateful_vqe:INFO: The circuit has the following gates: OrderedDict({'cx': 1448, 'u2': 1358, 'u1': 621, 'u': 5, 'r': 1})
2024-08-29 22:15:48,722:qiskit_nature_cp2k.stateful_vqe:INFO: The circuit has a depth of 1996
2024-08-29 22:15:48,751:qiskit_nature_cp2k.stateful_vqe:INFO: The circuit has a 2-qubit gate depth of 1431
2024-08-29 22:15:48,751:qiskit_nature_cp2k.stateful_vqe:INFO: The circuit has 24 paramters
2024-08-29 22:15:48,752:qiskit_nature_cp2k.cp2k_integration:INFO: Active space result: 

=== GROUND STATE ENERGY ===
 
* Electronic ground state energy (Hartree): -0.144748055298
  - computed part:      -0.144748055298
~ Nuclear repulsion energy (Hartree): -198.901252274689
> Total ground state energy (Hartree): -199.046000329987
 
=== MEASURED OBSERVABLES ===
 
  0:  # Particles: 2.000 S: 1.000 S^2: 2.000 M: -0.000

2024-08-29 22:15:48,752:qiskit_nature_cp2k.cp2k_integration:INFO: Active space density: 

array([[ 0.000039,  0.002785, -0.000404, -0.00151 , -0.003811],
       [ 0.002785,  0.322355,  0.015091, -0.211656, -0.416315],
       [-0.000404,  0.015091,  0.694735, -0.409951,  0.209039],
       [-0.00151 , -0.211656, -0.409951,  0.369714,  0.141682],
       [-0.003811, -0.416315,  0.209039,  0.141682,  0.613157]])

2024-08-29 22:15:48,753:qiskit_nature_cp2k.cp2k_integration:INFO: @CLIENT: Message from server: b'GETDENSITY  '
2024-08-29 22:15:49,345:qiskit_nature_cp2k.cp2k_integration:INFO: @CLIENT: Message from server: b'STATUS      '
2024-08-29 22:15:49,345:qiskit_nature_cp2k.cp2k_integration:INFO: @CLIENT: Message from server: b'ONEBODY     '
2024-08-29 22:15:49,345:qiskit_nature_cp2k.cp2k_integration:INFO: e_inactive = -198.9012680227933
2024-08-29 22:15:49,345:qiskit_nature_cp2k.cp2k_integration:INFO: h1_a = 
[[-0.093677 -0.000106  0.000044 -0.000015 -0.000115]
 [-0.000106 -0.088069  0.000392 -0.005253 -0.009967]
 [ 0.000044  0.000392 -0.078574 -0.009716  0.005133]
 [-0.000015 -0.005253 -0.009716 -0.08683   0.003639]
 [-0.000115 -0.009967  0.005133  0.003639 -0.080693]]
2024-08-29 22:15:49,346:qiskit_nature_cp2k.cp2k_integration:INFO: 

 ------------------  SOLVE  -----------------

2024-08-29 22:15:49,346:qiskit_nature_cp2k.cp2k_integration:INFO: 5
2024-08-29 22:15:49,346:qiskit_nature_cp2k.cp2k_integration:INFO: (np.int32(1), np.int32(1))
2024-08-29 22:15:49,346:qiskit_nature_cp2k.cp2k_integration:INFO: [1. 0. 0. 0. 0.]
2024-08-29 22:15:49,346:qiskit_nature_cp2k.cp2k_integration:INFO: [1. 0. 0. 0. 0.]
2024-08-29 22:22:58,120:qiskit_nature_cp2k.stateful_vqe:INFO: Optimization complete in 426.9765639305115 seconds.
Found optimal point [  3.83142    2.358949  -4.727904  -4.327155  -8.821333  -1.570093  -0.388875  -2.898603  -4.713337  -3.589754 -11.631225   3.874414   3.119812  -2.057792   0.224545   2.750795  10.94908    4.282382  -3.14329   -3.783889   0.532373   2.602149  -1.572819  -1.766029]
2024-08-29 22:23:14,711:qiskit_nature_cp2k.stateful_vqe:INFO: The circuit has the following gates: OrderedDict({'cx': 1448, 'u2': 1358, 'u1': 621, 'u': 5, 'r': 1})
2024-08-29 22:23:14,730:qiskit_nature_cp2k.stateful_vqe:INFO: The circuit has a depth of 1996
2024-08-29 22:23:14,758:qiskit_nature_cp2k.stateful_vqe:INFO: The circuit has a 2-qubit gate depth of 1431
2024-08-29 22:23:14,758:qiskit_nature_cp2k.stateful_vqe:INFO: The circuit has 24 paramters
2024-08-29 22:23:14,759:qiskit_nature_cp2k.cp2k_integration:INFO: Active space result: 

=== GROUND STATE ENERGY ===
 
* Electronic ground state energy (Hartree): -0.14235783983
  - computed part:      -0.14235783983
~ Nuclear repulsion energy (Hartree): -198.901268022793
> Total ground state energy (Hartree): -199.043625862623
 
=== MEASURED OBSERVABLES ===
 
  0:  # Particles: 2.000 S: 1.000 S^2: 2.000 M: -0.000

2024-08-29 22:23:14,760:qiskit_nature_cp2k.cp2k_integration:INFO: Active space density: 

array([[ 0.00001 ,  0.000865,  0.000639,  0.001211,  0.00007 ],
       [ 0.000865,  0.687097, -0.017589,  0.215208,  0.4102  ],
       [ 0.000639, -0.017589,  0.295195,  0.4032  , -0.212293],
       [ 0.001211,  0.215208,  0.4032  ,  0.634462, -0.15142 ],
       [ 0.00007 ,  0.4102  , -0.212293, -0.15142 ,  0.383235]])

2024-08-29 22:23:14,760:qiskit_nature_cp2k.cp2k_integration:INFO: @CLIENT: Message from server: b'GETDENSITY  '
2024-08-29 22:23:15,342:qiskit_nature_cp2k.cp2k_integration:INFO: @CLIENT: Message from server: b'STATUS      '
2024-08-29 22:23:15,342:qiskit_nature_cp2k.cp2k_integration:INFO: @CLIENT: Message from server: b'ONEBODY     '
2024-08-29 22:23:15,343:qiskit_nature_cp2k.cp2k_integration:INFO: e_inactive = -198.90127183621112
2024-08-29 22:23:15,343:qiskit_nature_cp2k.cp2k_integration:INFO: h1_a = 
[[-0.093924 -0.000084  0.000159 -0.000033  0.000082]
 [-0.000084 -0.078674 -0.000465  0.005612  0.011085]
 [ 0.000159 -0.000465 -0.088853  0.010813 -0.005496]
 [-0.000033  0.005612  0.010813 -0.080009 -0.003913]
 [ 0.000082  0.011085 -0.005496 -0.003913 -0.086619]]
2024-08-29 22:23:15,344:qiskit_nature_cp2k.cp2k_integration:INFO: 

 ------------------  SOLVE  -----------------

2024-08-29 22:23:15,344:qiskit_nature_cp2k.cp2k_integration:INFO: 5
2024-08-29 22:23:15,344:qiskit_nature_cp2k.cp2k_integration:INFO: (np.int32(1), np.int32(1))
2024-08-29 22:23:15,344:qiskit_nature_cp2k.cp2k_integration:INFO: [1. 0. 0. 0. 0.]
2024-08-29 22:23:15,344:qiskit_nature_cp2k.cp2k_integration:INFO: [1. 0. 0. 0. 0.]
2024-08-29 22:37:26,000:qiskit_nature_cp2k.stateful_vqe:INFO: Optimization complete in 848.8695528507233 seconds.
Found optimal point [  9.90212   -3.821698   7.836422  -1.100146   0.601304  -0.571469  -1.004763  -1.522988  -1.572931 -16.698819 -13.452345   2.86151   10.618091  -2.265138   2.835036  -4.508693  10.203837  13.738566  -2.380314   3.24746    6.493718  -5.3413    -1.588915   1.49041 ]
2024-08-29 22:37:42,190:qiskit_nature_cp2k.stateful_vqe:INFO: The circuit has the following gates: OrderedDict({'cx': 1448, 'u2': 1358, 'u1': 621, 'u': 5, 'r': 1})
2024-08-29 22:37:42,209:qiskit_nature_cp2k.stateful_vqe:INFO: The circuit has a depth of 1996
2024-08-29 22:37:42,236:qiskit_nature_cp2k.stateful_vqe:INFO: The circuit has a 2-qubit gate depth of 1431
2024-08-29 22:37:42,236:qiskit_nature_cp2k.stateful_vqe:INFO: The circuit has 24 paramters
2024-08-29 22:37:42,238:qiskit_nature_cp2k.cp2k_integration:INFO: Active space result: 

=== GROUND STATE ENERGY ===
 
* Electronic ground state energy (Hartree): -0.144748145152
  - computed part:      -0.144748145152
~ Nuclear repulsion energy (Hartree): -198.901271836211
> Total ground state energy (Hartree): -199.046019981363
 
=== MEASURED OBSERVABLES ===
 
  0:  # Particles: 2.000 S: 1.000 S^2: 2.000 M: 0.000

2024-08-29 22:37:42,238:qiskit_nature_cp2k.cp2k_integration:INFO: Active space density: 

array([[ 0.000377,  0.005236, -0.007866,  0.001193, -0.009474],
       [ 0.005236,  0.316678,  0.015938, -0.210812, -0.414156],
       [-0.007866,  0.015938,  0.700262, -0.407653,  0.208   ],
       [ 0.001193, -0.210812, -0.407653,  0.365867,  0.145837],
       [-0.009474, -0.414156,  0.208   ,  0.145837,  0.616815]])

2024-08-29 22:37:42,239:qiskit_nature_cp2k.cp2k_integration:INFO: @CLIENT: Message from server: b'GETDENSITY  '
2024-08-29 22:37:42,806:qiskit_nature_cp2k.cp2k_integration:INFO: @CLIENT: Message from server: b'STATUS      '
2024-08-29 22:37:42,806:qiskit_nature_cp2k.cp2k_integration:INFO: @CLIENT: Message from server: b'ONEBODY     '
2024-08-29 22:37:42,806:qiskit_nature_cp2k.cp2k_integration:INFO: e_inactive = -198.90126508236287
2024-08-29 22:37:42,806:qiskit_nature_cp2k.cp2k_integration:INFO: h1_a = 
[[-0.093669 -0.000044 -0.000147  0.000056 -0.00026 ]
 [-0.000044 -0.088216  0.000414 -0.005231 -0.009911]
 [-0.000147  0.000414 -0.078431 -0.009658  0.005107]
 [ 0.000056 -0.005231 -0.009658 -0.08693   0.003746]
 [-0.00026  -0.009911  0.005107  0.003746 -0.080598]]
2024-08-29 22:37:42,807:qiskit_nature_cp2k.cp2k_integration:INFO: 

 ------------------  SOLVE  -----------------

2024-08-29 22:37:42,807:qiskit_nature_cp2k.cp2k_integration:INFO: 5
2024-08-29 22:37:42,807:qiskit_nature_cp2k.cp2k_integration:INFO: (np.int32(1), np.int32(1))
2024-08-29 22:37:42,807:qiskit_nature_cp2k.cp2k_integration:INFO: [1. 0. 0. 0. 0.]
2024-08-29 22:37:42,807:qiskit_nature_cp2k.cp2k_integration:INFO: [1. 0. 0. 0. 0.]
2024-08-29 22:43:18,379:qiskit_nature_cp2k.stateful_vqe:INFO: Optimization complete in 333.7496793270111 seconds.
Found optimal point [ 10.178965  -2.445369   7.54323   -1.538245   0.557055  -1.030172  -1.543369  -0.893044  -1.569984 -18.44037  -12.878193   2.593278  11.130647  -2.280525   2.485654  -2.737323   8.971977  13.758328  -2.676275   2.447061   7.071271  -4.012238  -1.339089   1.494352]
2024-08-29 22:43:34,807:qiskit_nature_cp2k.stateful_vqe:INFO: The circuit has the following gates: OrderedDict({'cx': 1448, 'u2': 1358, 'u1': 621, 'u': 5, 'r': 1})
2024-08-29 22:43:34,826:qiskit_nature_cp2k.stateful_vqe:INFO: The circuit has a depth of 1996
2024-08-29 22:43:34,853:qiskit_nature_cp2k.stateful_vqe:INFO: The circuit has a 2-qubit gate depth of 1431
2024-08-29 22:43:34,853:qiskit_nature_cp2k.stateful_vqe:INFO: The circuit has 24 paramters
2024-08-29 22:43:34,854:qiskit_nature_cp2k.cp2k_integration:INFO: Active space result: 

=== GROUND STATE ENERGY ===
 
* Electronic ground state energy (Hartree): -0.142366979295
  - computed part:      -0.142366979295
~ Nuclear repulsion energy (Hartree): -198.901265082363
> Total ground state energy (Hartree): -199.043632061658
 
=== MEASURED OBSERVABLES ===
 
  0:  # Particles: 2.000 S: 1.000 S^2: 2.000 M: -0.000

2024-08-29 22:43:34,855:qiskit_nature_cp2k.cp2k_integration:INFO: Active space density: 

array([[ 0.000093,  0.005507,  0.002038,  0.004866,  0.001714],
       [ 0.005507,  0.6928  , -0.018635,  0.214181,  0.40799 ],
       [ 0.002038, -0.018635,  0.289166,  0.400625, -0.211158],
       [ 0.004866,  0.214181,  0.400625,  0.638639, -0.155774],
       [ 0.001714,  0.40799 , -0.211158, -0.155774,  0.379303]])

2024-08-29 22:43:34,855:qiskit_nature_cp2k.cp2k_integration:INFO: @CLIENT: Message from server: b'GETDENSITY  '
2024-08-29 22:43:35,725:qiskit_nature_cp2k.cp2k_integration:INFO: @CLIENT: Message from server: b'STATUS      '
2024-08-29 22:43:35,725:qiskit_nature_cp2k.cp2k_integration:INFO: @CLIENT: Message from server: b'ONEBODY     '
2024-08-29 22:43:35,726:qiskit_nature_cp2k.cp2k_integration:INFO: e_inactive = -198.90127315069705
2024-08-29 22:43:35,726:qiskit_nature_cp2k.cp2k_integration:INFO: h1_a = 
[[-0.093922  0.000033  0.000196  0.000057  0.000124]
 [ 0.000033 -0.078527 -0.000493  0.005585  0.011029]
 [ 0.000196 -0.000493 -0.089008  0.010747 -0.005468]
 [ 0.000057  0.005585  0.010747 -0.079901 -0.004025]
 [ 0.000124  0.011029 -0.005468 -0.004025 -0.08672 ]]
2024-08-29 22:43:35,726:qiskit_nature_cp2k.cp2k_integration:INFO: 

 ------------------  SOLVE  -----------------

2024-08-29 22:43:35,726:qiskit_nature_cp2k.cp2k_integration:INFO: 5
2024-08-29 22:43:35,726:qiskit_nature_cp2k.cp2k_integration:INFO: (np.int32(1), np.int32(1))
2024-08-29 22:43:35,726:qiskit_nature_cp2k.cp2k_integration:INFO: [1. 0. 0. 0. 0.]
2024-08-29 22:43:35,726:qiskit_nature_cp2k.cp2k_integration:INFO: [1. 0. 0. 0. 0.]
2024-08-29 22:49:24,836:qiskit_nature_cp2k.stateful_vqe:INFO: Optimization complete in 347.27561688423157 seconds.
Found optimal point [  8.838553   0.060988   9.009206  -1.569084   3.15478    0.013327  -0.005399  -0.010619  -1.530513 -17.329754 -13.861681   1.402403  12.774314  -2.829209   2.214126  -2.41609    9.496114  14.69042   -2.886085   3.946323   7.705701  -5.072821  -1.393086   1.693859]
2024-08-29 22:49:41,046:qiskit_nature_cp2k.stateful_vqe:INFO: The circuit has the following gates: OrderedDict({'cx': 1448, 'u2': 1358, 'u1': 621, 'u': 5, 'r': 1})
2024-08-29 22:49:41,065:qiskit_nature_cp2k.stateful_vqe:INFO: The circuit has a depth of 1996
2024-08-29 22:49:41,092:qiskit_nature_cp2k.stateful_vqe:INFO: The circuit has a 2-qubit gate depth of 1431
2024-08-29 22:49:41,092:qiskit_nature_cp2k.stateful_vqe:INFO: The circuit has 24 paramters
2024-08-29 22:49:41,094:qiskit_nature_cp2k.cp2k_integration:INFO: Active space result: 

=== GROUND STATE ENERGY ===
 
* Electronic ground state energy (Hartree): -0.139992942558
  - computed part:      -0.139992942558
~ Nuclear repulsion energy (Hartree): -198.901273150697
> Total ground state energy (Hartree): -199.041266093255
 
=== MEASURED OBSERVABLES ===
 
  0:  # Particles: 2.000 S: 0.618 S^2: 1.000 M: -0.000

2024-08-29 22:49:41,094:qiskit_nature_cp2k.cp2k_integration:INFO: Active space density: 

array([[ 0.99966 ,  0.009081,  0.001227, -0.016618,  0.00018 ],
       [ 0.009081,  0.306059, -0.028069, -0.185656, -0.420675],
       [ 0.001227, -0.028069,  0.002712,  0.017009,  0.038629],
       [-0.016618, -0.185656,  0.017009,  0.112876,  0.255206],
       [ 0.00018 , -0.420675,  0.038629,  0.255206,  0.578693]])

2024-08-29 22:49:41,095:qiskit_nature_cp2k.cp2k_integration:INFO: @CLIENT: Message from server: b'GETDENSITY  '
2024-08-29 22:49:41,684:qiskit_nature_cp2k.cp2k_integration:INFO: @CLIENT: Message from server: b'STATUS      '
2024-08-29 22:49:41,684:qiskit_nature_cp2k.cp2k_integration:INFO: @CLIENT: Message from server: b'ONEBODY     '
2024-08-29 22:49:41,684:qiskit_nature_cp2k.cp2k_integration:INFO: e_inactive = -198.9014537963674
2024-08-29 22:49:41,684:qiskit_nature_cp2k.cp2k_integration:INFO: h1_a = 
[[-0.068027 -0.000021  0.000197 -0.000315 -0.000051]
 [-0.000021 -0.088433 -0.000729 -0.004606 -0.010079]
 [ 0.000197 -0.000729 -0.096346  0.000875  0.00085 ]
 [-0.000315 -0.004606  0.000875 -0.093488  0.006572]
 [-0.000051 -0.010079  0.00085   0.006572 -0.081515]]
2024-08-29 22:49:41,685:qiskit_nature_cp2k.cp2k_integration:INFO: 

 ------------------  SOLVE  -----------------

2024-08-29 22:49:41,685:qiskit_nature_cp2k.cp2k_integration:INFO: 5
2024-08-29 22:49:41,685:qiskit_nature_cp2k.cp2k_integration:INFO: (np.int32(1), np.int32(1))
2024-08-29 22:49:41,685:qiskit_nature_cp2k.cp2k_integration:INFO: [1. 0. 0. 0. 0.]
2024-08-29 22:49:41,685:qiskit_nature_cp2k.cp2k_integration:INFO: [1. 0. 0. 0. 0.]
2024-08-29 22:57:57,448:qiskit_nature_cp2k.stateful_vqe:INFO: Optimization complete in 493.9625906944275 seconds.
Found optimal point [  6.22184    1.850385   9.025219  -1.564818  11.142419   4.368163  -4.551075  -0.651185  -1.570658 -17.800974 -14.789512   0.746411  14.087329  -3.00285    2.338132  -3.505278   9.626365  14.176924  -2.933036   4.028066   7.72914   -4.6975    -1.168961   1.638449]
2024-08-29 22:58:13,588:qiskit_nature_cp2k.stateful_vqe:INFO: The circuit has the following gates: OrderedDict({'cx': 1448, 'u2': 1358, 'u1': 621, 'u': 5, 'r': 1})
2024-08-29 22:58:13,607:qiskit_nature_cp2k.stateful_vqe:INFO: The circuit has a depth of 1996
