# Projected DOS for atomic kind Al at iteration step i = 0, E(Fermi) =    -0.085522 a.u.
#     MO Eigenvalue [a.u.]      Occupation                 s                 p                 d
       1         -0.478385        2.000000        0.89019832        0.10612329        0.00367838
       2         -0.438844        2.000000        0.66563290        0.31599359        0.01837351
       3         -0.382098        2.000000        0.48501540        0.44361278        0.07137183
       4         -0.308136        2.000000        0.42483392        0.32918873        0.24597735
       5         -0.272247        2.000000        0.21623846        0.52575895        0.25800259
       6         -0.271322        2.000000        0.17645299        0.62836252        0.19518449
       7         -0.238868        2.000000        0.21280472        0.56506064        0.22213464
       8         -0.232865        2.000000        0.10865942        0.73768536        0.15365522
       9         -0.218257        2.000000        0.14993120        0.66222143        0.18784737
      10         -0.209843        2.000000        0.06479244        0.89624488        0.03896268
      11         -0.207302        2.000000        0.10043103        0.68079297        0.21877600
      12         -0.188516        2.000000        0.07635030        0.76377367        0.15987603
      13         -0.183439        2.000000        0.06565440        0.79004425        0.14430135
      14         -0.182453        2.000000        0.09771171        0.68112866        0.22115963
      15         -0.177431        2.000000        0.07499039        0.77743247        0.14757715
      16         -0.162430        2.000000        0.22561849        0.36077789        0.41360362
      17         -0.154475        2.000000        0.08399628        0.75110593        0.16489780
      18         -0.154186        2.000000        0.26689386        0.33693554        0.39617060
      19         -0.134214        2.000000        0.17149468        0.47818031        0.35032500
      20         -0.115926        2.000000        0.12632181        0.52384931        0.34982888
      21         -0.107630        2.000000        0.12729961        0.51672618        0.35597421
      22         -0.097369        2.000000        0.25073767        0.27884371        0.47041862
      23         -0.091887        2.000000        0.11372242        0.55868311        0.32759447
      24         -0.085522        2.000000        0.26565749        0.39244269        0.34189982
      25         -0.082834        0.000000        0.20412410        0.39079899        0.40507692
      26         -0.064689        0.000000        0.22813806        0.22750081        0.54436113
      27         -0.037121        0.000000        0.20546688        0.44273426        0.35179886
      28         -0.026810        0.000000        0.20818760        0.38831200        0.40350040
      29         -0.015621        0.000000        0.14741905        0.41330944        0.43927151
      30         -0.007889        0.000000        0.04351888        0.59907785        0.35740326
      31         -0.000605        0.000000        0.19273653        0.39969418        0.40756930
      32          0.008508        0.000000        0.13942042        0.39633748        0.46424211
      33          0.009587        0.000000        0.01273165        0.45472980        0.53253855
      34          0.051152        0.000000        0.03759645        0.56732665        0.39507690
